40.847671, 14.052652, 00, 2019-06-14T11:25:21.000Z
40.847671, 14.052652, 93, 2019-06-14T11:25:21.000Z
40.847671, 14.052652, 92, 2019-06-14T11:25:21.000Z
40.847671, 14.052652, 100, 2019-06-14T11:25:21.000Z
40.847671, 14.052652, 107, 2019-06-14T11:25:21.000Z
40.847671, 14.052652, 91, 2019-06-14T11:25:21.000Z
40.847671, 14.052652, 105, 2019-06-14T11:25:21.000Z
40.847671, 14.052652, 106, 2019-06-14T11:25:21.000Z
40.847671, 14.052652, 108, 2019-06-14T11:25:21.000Z
40.847671, 14.052652, 106, 2019-06-14T11:25:21.000Z
40.847671, 14.052652, 98, 2019-06-14T11:25:21.000Z
40.847671, 14.052652, 91, 2019-06-14T11:25:21.000Z
40.847671, 14.052652, 94, 2019-06-14T11:25:21.000Z
40.847671, 14.052652, 105, 2019-06-14T11:25:21.000Z
40.847671, 14.052652, 104, 2019-06-14T11:25:21.000Z
40.847671, 14.052652, 102, 2019-06-14T11:25:21.000Z
40.847671, 14.052652, 96, 2019-06-14T11:25:21.000Z
40.847671, 14.052652, 98, 2019-06-14T11:25:21.000Z
40.847671, 14.052652, 101, 2019-06-14T11:25:21.000Z
40.847671, 14.052652, 104, 2019-06-14T11:25:21.000Z
40.847671, 14.052652, 100, 2019-06-14T11:25:21.000Z
40.847671, 14.052652, 94, 2019-06-14T11:25:21.000Z
40.847671, 14.052652, 100, 2019-06-14T11:25:21.000Z
40.847671, 14.052652, 102, 2019-06-14T11:25:21.000Z
40.847671, 14.052652, 106, 2019-06-14T11:25:21.000Z
40.847671, 14.052652, 105, 2019-06-14T11:25:21.000Z
40.847671, 14.052652, 107, 2019-06-14T11:25:21.000Z
40.847671, 14.052652, 93, 2019-06-14T11:25:21.000Z
40.847671, 14.052652, 89, 2019-06-14T11:25:21.000Z
40.847671, 14.052652, 104, 2019-06-14T11:25:21.000Z
40.847671, 14.052652, 96, 2019-06-14T11:25:21.000Z
40.847671, 14.052652, 106, 2019-06-14T11:25:21.000Z
40.847671, 14.052652, 94, 2019-06-14T11:25:21.000Z
40.847671, 14.052652, 109, 2019-06-14T11:25:21.000Z
40.847671, 14.052652, 98, 2019-06-14T11:25:21.000Z
40.847671, 14.052652, 88, 2019-06-14T11:25:21.000Z
40.847671, 14.052652, 101, 2019-06-14T11:25:21.000Z
40.847671, 14.052652, 103, 2019-06-14T11:25:21.000Z
40.847671, 14.052652, 90, 2019-06-14T11:25:21.000Z
40.847671, 14.052652, 104, 2019-06-14T11:25:21.000Z
40.847671, 14.052652, 91, 2019-06-14T11:25:21.000Z
40.847671, 14.052652, 113, 2019-06-14T11:25:21.000Z
40.847671, 14.052652, 96, 2019-06-14T11:25:21.000Z
40.847671, 14.052652, 101, 2019-06-14T11:25:21.000Z
40.847671, 14.052652, 104, 2019-06-14T11:25:21.000Z
40.847671, 14.052652, 109, 2019-06-14T11:25:21.000Z
40.847671, 14.052652, 102, 2019-06-14T11:25:21.000Z
40.847671, 14.052652, 99, 2019-06-14T11:25:21.000Z
40.847671, 14.052652, 107, 2019-06-14T11:25:21.000Z
40.847671, 14.052652, 96, 2019-06-14T11:25:21.000Z
40.847671, 14.052652, 98, 2019-06-14T11:25:21.000Z
40.847671, 14.052652, 98, 2019-06-14T11:25:21.000Z
40.847671, 14.052652, 96, 2019-06-14T11:25:21.000Z
40.847671, 14.052652, 99, 2019-06-14T11:25:21.000Z
40.847671, 14.052652, 109, 2019-06-14T11:25:21.000Z
40.847671, 14.052652, 101, 2019-06-14T11:25:21.000Z
40.847671, 14.052652, 101, 2019-06-14T11:25:21.000Z
40.847671, 14.052652, 110, 2019-06-14T11:25:21.000Z
40.847671, 14.052652, 104, 2019-06-14T11:25:21.000Z
40.847671, 14.052652, 107, 2019-06-14T11:25:21.000Z
40.847671, 14.052652, 103, 2019-06-14T11:25:21.000Z
40.847671, 14.052652, 94, 2019-06-14T11:25:21.000Z
40.847671, 14.052652, 92, 2019-06-14T11:25:21.000Z
40.847671, 14.052652, 98, 2019-06-14T11:25:21.000Z
40.847671, 14.052652, 107, 2019-06-14T11:25:21.000Z
40.847671, 14.052652, 91, 2019-06-14T11:25:21.000Z
40.847671, 14.052652, 108, 2019-06-14T11:25:21.000Z
40.847671, 14.052652, 95, 2019-06-14T11:25:21.000Z
40.847671, 14.052652, 105, 2019-06-14T11:25:21.000Z
40.847671, 14.052652, 99, 2019-06-14T11:25:21.000Z
40.847671, 14.052652, 101, 2019-06-14T11:25:21.000Z
40.847671, 14.052652, 97, 2019-06-14T11:25:21.000Z
40.847671, 14.052652, 95, 2019-06-14T11:25:21.000Z
40.847671, 14.052652, 103, 2019-06-14T11:25:21.000Z
40.847671, 14.052652, 83, 2019-06-14T11:25:21.000Z
40.847671, 14.052652, 100, 2019-06-14T11:25:21.000Z
40.847671, 14.052652, 99, 2019-06-14T11:25:21.000Z
40.847671, 14.052652, 96, 2019-06-14T11:25:21.000Z
40.847671, 14.052652, 103, 2019-06-14T11:25:21.000Z
40.847671, 14.052652, 101, 2019-06-14T11:25:21.000Z
40.847671, 14.052652, 99, 2019-06-14T11:25:21.000Z
40.847671, 14.052652, 102, 2019-06-14T11:25:21.000Z
40.847671, 14.052652, 111, 2019-06-14T11:25:21.000Z
40.847671, 14.052652, 88, 2019-06-14T11:25:21.000Z
40.847671, 14.052652, 113, 2019-06-14T11:25:21.000Z
40.847671, 14.052652, 88, 2019-06-14T11:25:21.000Z
40.847671, 14.052652, 92, 2019-06-14T11:25:21.000Z
40.847671, 14.052652, 100, 2019-06-14T11:25:21.000Z
40.847671, 14.052652, 109, 2019-06-14T11:25:21.000Z
40.847671, 14.052652, 103, 2019-06-14T11:25:21.000Z
40.847671, 14.052652, 93, 2019-06-14T11:25:21.000Z
40.847671, 14.052652, 95, 2019-06-14T11:25:21.000Z
40.847671, 14.052652, 94, 2019-06-14T11:25:21.000Z
40.847671, 14.052652, 100, 2019-06-14T11:25:21.000Z
40.847671, 14.052652, 93, 2019-06-14T11:25:21.000Z
40.847671, 14.052652, 92, 2019-06-14T11:25:21.000Z
40.847671, 14.052652, 100, 2019-06-14T11:25:21.000Z
40.847671, 14.052652, 84, 2019-06-14T11:25:21.000Z
40.847671, 14.052652, 95, 2019-06-14T11:25:21.000Z
40.847671, 14.052652, 89, 2019-06-14T11:25:21.000Z
40.847671, 14.052652, 108, 2019-06-14T11:25:21.000Z
40.847671, 14.052652, 108, 2019-06-14T11:25:21.000Z
40.847671, 14.052652, 91, 2019-06-14T11:25:21.000Z
40.847671, 14.052652, 97, 2019-06-14T11:25:21.000Z
40.847671, 14.052652, 90, 2019-06-14T11:25:21.000Z
40.847671, 14.052652, 87, 2019-06-14T11:25:21.000Z
40.847671, 14.052652, 105, 2019-06-14T11:25:21.000Z
40.847671, 14.052652, 115, 2019-06-14T11:25:21.000Z
40.847671, 14.052652, 110, 2019-06-14T11:25:21.000Z
40.847671, 14.052652, 112, 2019-06-14T11:25:21.000Z
40.847671, 14.052652, 99, 2019-06-14T11:25:21.000Z
40.847671, 14.052652, 97, 2019-06-14T11:25:21.000Z
40.847671, 14.052652, 91, 2019-06-14T11:25:21.000Z
40.847671, 14.052652, 97, 2019-06-14T11:25:21.000Z
40.847671, 14.052652, 90, 2019-06-14T11:25:21.000Z
40.847671, 14.052652, 100, 2019-06-14T11:25:21.000Z
40.847671, 14.052652, 112, 2019-06-14T11:25:21.000Z
40.847671, 14.052652, 93, 2019-06-14T11:25:21.000Z
40.847671, 14.052652, 111, 2019-06-14T11:25:21.000Z
40.847671, 14.052652, 100, 2019-06-14T11:25:21.000Z
40.847671, 14.052652, 93, 2019-06-14T11:25:21.000Z
40.847671, 14.052652, 81, 2019-06-14T11:25:21.000Z
40.847671, 14.052652, 102, 2019-06-14T11:25:21.000Z
40.847671, 14.052652, 92, 2019-06-14T11:25:21.000Z
40.847671, 14.052652, 91, 2019-06-14T11:25:21.000Z
40.847671, 14.052652, 101, 2019-06-14T11:25:21.000Z
40.847671, 14.052652, 93, 2019-06-14T11:25:21.000Z
40.847671, 14.052652, 85, 2019-06-14T11:25:21.000Z
40.847671, 14.052652, 101, 2019-06-14T11:25:21.000Z
40.847671, 14.052652, 111, 2019-06-14T11:25:21.000Z
40.847671, 14.052652, 102, 2019-06-14T11:25:21.000Z
40.847671, 14.052652, 101, 2019-06-14T11:25:21.000Z
40.847671, 14.052652, 111, 2019-06-14T11:25:21.000Z
40.847671, 14.052652, 108, 2019-06-14T11:25:21.000Z
40.847671, 14.052652, 114, 2019-06-14T11:25:21.000Z
40.847671, 14.052652, 106, 2019-06-14T11:25:21.000Z
40.847671, 14.052652, 89, 2019-06-14T11:25:21.000Z
40.847671, 14.052652, 108, 2019-06-14T11:25:21.000Z
40.847671, 14.052652, 103, 2019-06-14T11:25:21.000Z
40.847671, 14.052652, 107, 2019-06-14T11:25:21.000Z
40.847671, 14.052652, 106, 2019-06-14T11:25:21.000Z
40.847671, 14.052652, 104, 2019-06-14T11:25:21.000Z
40.847671, 14.052652, 100, 2019-06-14T11:25:21.000Z
40.847671, 14.052652, 97, 2019-06-14T11:25:21.000Z
40.847671, 14.052652, 87, 2019-06-14T11:25:21.000Z
40.847671, 14.052652, 92, 2019-06-14T11:25:21.000Z
40.847671, 14.052652, 93, 2019-06-14T11:25:21.000Z
40.847671, 14.052652, 88, 2019-06-14T11:25:21.000Z
40.847671, 14.052652, 90, 2019-06-14T11:25:21.000Z
40.847671, 14.052652, 106, 2019-06-14T11:25:21.000Z
40.847671, 14.052652, 100, 2019-06-14T11:25:21.000Z
40.847671, 14.052652, 101, 2019-06-14T11:25:21.000Z
40.847671, 14.052652, 101, 2019-06-14T11:25:21.000Z
40.847671, 14.052652, 104, 2019-06-14T11:25:21.000Z
40.847671, 14.052652, 96, 2019-06-14T11:25:21.000Z
40.847671, 14.052652, 88, 2019-06-14T11:25:21.000Z
40.847671, 14.052652, 107, 2019-06-14T11:25:21.000Z
40.847671, 14.052652, 111, 2019-06-14T11:25:21.000Z
40.847671, 14.052652, 108, 2019-06-14T11:25:21.000Z
40.847671, 14.052652, 92, 2019-06-14T11:25:21.000Z
40.847671, 14.052652, 98, 2019-06-14T11:25:21.000Z
40.847671, 14.052652, 89, 2019-06-14T11:25:21.000Z
40.847671, 14.052652, 95, 2019-06-14T11:25:21.000Z
40.847671, 14.052652, 98, 2019-06-14T11:25:21.000Z
40.847671, 14.052652, 108, 2019-06-14T11:25:21.000Z
40.847671, 14.052652, 100, 2019-06-14T11:25:21.000Z
40.847671, 14.052652, 112, 2019-06-14T11:25:21.000Z
40.847671, 14.052652, 102, 2019-06-14T11:25:21.000Z
40.847671, 14.052652, 111, 2019-06-14T11:25:21.000Z
40.847671, 14.052652, 105, 2019-06-14T11:25:21.000Z
40.847671, 14.052652, 106, 2019-06-14T11:25:21.000Z
40.847671, 14.052652, 95, 2019-06-14T11:25:21.000Z
40.847671, 14.052652, 89, 2019-06-14T11:25:21.000Z
40.847671, 14.052652, 84, 2019-06-14T11:25:21.000Z
40.847671, 14.052652, 95, 2019-06-14T11:25:21.000Z
40.847671, 14.052652, 104, 2019-06-14T11:25:21.000Z
40.847671, 14.052652, 98, 2019-06-14T11:25:21.000Z
40.847671, 14.052652, 117, 2019-06-14T11:25:21.000Z
40.847671, 14.052652, 108, 2019-06-14T11:25:21.000Z
40.847671, 14.052652, 114, 2019-06-14T11:25:21.000Z
40.847671, 14.052652, 114, 2019-06-14T11:25:21.000Z
40.847671, 14.052652, 92, 2019-06-14T11:25:21.000Z
40.847671, 14.052652, 108, 2019-06-14T11:25:21.000Z
40.847671, 14.052652, 105, 2019-06-14T11:25:21.000Z
40.847671, 14.052652, 100, 2019-06-14T11:25:21.000Z
40.847671, 14.052652, 98, 2019-06-14T11:25:21.000Z
40.847671, 14.052652, 101, 2019-06-14T11:25:21.000Z
40.847671, 14.052652, 100, 2019-06-14T11:25:21.000Z
40.847671, 14.052652, 94, 2019-06-14T11:25:21.000Z
40.847671, 14.052652, 107, 2019-06-14T11:25:21.000Z
40.847671, 14.052652, 100, 2019-06-14T11:25:21.000Z
40.847671, 14.052652, 96, 2019-06-14T11:25:21.000Z
40.847671, 14.052652, 101, 2019-06-14T11:25:21.000Z
40.847671, 14.052652, 100, 2019-06-14T11:25:21.000Z
40.847671, 14.052652, 95, 2019-06-14T11:25:21.000Z
40.847671, 14.052652, 97, 2019-06-14T11:25:21.000Z
40.847671, 14.052652, 102, 2019-06-14T11:25:21.000Z
40.847671, 14.052652, 94, 2019-06-14T11:25:21.000Z
40.847671, 14.052652, 87, 2019-06-14T11:25:21.000Z
40.847671, 14.052652, 97, 2019-06-14T11:25:21.000Z
40.847671, 14.052652, 99, 2019-06-14T11:25:21.000Z
40.847671, 14.052652, 101, 2019-06-14T11:25:21.000Z
40.847671, 14.052652, 102, 2019-06-14T11:25:21.000Z
40.847671, 14.052652, 94, 2019-06-14T11:25:21.000Z
40.847671, 14.052652, 100, 2019-06-14T11:25:21.000Z
40.847671, 14.052652, 101, 2019-06-14T11:25:21.000Z
40.847671, 14.052652, 103, 2019-06-14T11:25:21.000Z
40.847671, 14.052652, 106, 2019-06-14T11:25:21.000Z
40.847671, 14.052652, 107, 2019-06-14T11:25:21.000Z
40.847671, 14.052652, 103, 2019-06-14T11:25:21.000Z
40.847671, 14.052652, 102, 2019-06-14T11:25:21.000Z
40.847671, 14.052652, 95, 2019-06-14T11:25:21.000Z
40.847671, 14.052652, 96, 2019-06-14T11:25:21.000Z
40.847671, 14.052652, 101, 2019-06-14T11:25:21.000Z
40.847671, 14.052652, 105, 2019-06-14T11:25:21.000Z
40.847671, 14.052652, 112, 2019-06-14T11:25:21.000Z
40.847671, 14.052652, 93, 2019-06-14T11:25:21.000Z
40.847671, 14.052652, 105, 2019-06-14T11:25:21.000Z
40.847671, 14.052652, 108, 2019-06-14T11:25:21.000Z
40.847671, 14.052652, 107, 2019-06-14T11:25:21.000Z
40.847671, 14.052652, 96, 2019-06-14T11:25:21.000Z
40.847671, 14.052652, 95, 2019-06-14T11:25:21.000Z
40.847671, 14.052652, 103, 2019-06-14T11:25:21.000Z
40.847671, 14.052652, 97, 2019-06-14T11:25:21.000Z
40.847671, 14.052652, 105, 2019-06-14T11:25:21.000Z
40.847671, 14.052652, 96, 2019-06-14T11:25:21.000Z
40.847671, 14.052652, 101, 2019-06-14T11:25:21.000Z
40.847671, 14.052652, 95, 2019-06-14T11:25:21.000Z
40.847671, 14.052652, 109, 2019-06-14T11:25:21.000Z
40.847671, 14.052652, 95, 2019-06-14T11:25:21.000Z
40.847671, 14.052652, 109, 2019-06-14T11:25:21.000Z
40.847671, 14.052652, 103, 2019-06-14T11:25:21.000Z
40.847671, 14.052652, 109, 2019-06-14T11:25:21.000Z
40.847671, 14.052652, 101, 2019-06-14T11:25:21.000Z
40.847671, 14.052652, 110, 2019-06-14T11:25:21.000Z
40.847671, 14.052652, 98, 2019-06-14T11:25:21.000Z
40.847671, 14.052652, 99, 2019-06-14T11:25:21.000Z
40.847671, 14.052652, 90, 2019-06-14T11:25:21.000Z
40.847671, 14.052652, 94, 2019-06-14T11:25:21.000Z
40.847671, 14.052652, 100, 2019-06-14T11:25:21.000Z
40.847671, 14.052652, 89, 2019-06-14T11:25:21.000Z
40.847671, 14.052652, 99, 2019-06-14T11:25:21.000Z
40.847671, 14.052652, 100, 2019-06-14T11:25:21.000Z
40.847671, 14.052652, 96, 2019-06-14T11:25:21.000Z
40.847671, 14.052652, 101, 2019-06-14T11:25:21.000Z
40.847671, 14.052652, 98, 2019-06-14T11:25:21.000Z
40.847671, 14.052652, 97, 2019-06-14T11:25:21.000Z
40.847671, 14.052652, 102, 2019-06-14T11:25:21.000Z
40.847671, 14.052652, 98, 2019-06-14T11:25:21.000Z
40.847671, 14.052652, 96, 2019-06-14T11:25:21.000Z
40.847671, 14.052652, 103, 2019-06-14T11:25:21.000Z
40.847671, 14.052652, 91, 2019-06-14T11:25:21.000Z
40.847671, 14.052652, 101, 2019-06-14T11:25:21.000Z
40.847671, 14.052652, 118, 2019-06-14T11:25:21.000Z
40.847671, 14.052652, 103, 2019-06-14T11:25:21.000Z
40.847671, 14.052652, 97, 2019-06-14T11:25:21.000Z
40.847671, 14.052652, 119, 2019-06-14T11:25:21.000Z
40.847671, 14.052652, 105, 2019-06-14T11:25:21.000Z
40.847671, 14.052652, 101, 2019-06-14T11:25:21.000Z
40.847671, 14.052652, 103, 2019-06-14T11:25:21.000Z
40.847671, 14.052652, 100, 2019-06-14T11:25:21.000Z
40.847671, 14.052652, 91, 2019-06-14T11:25:21.000Z
40.847671, 14.052652, 91, 2019-06-14T11:25:21.000Z
40.847671, 14.052652, 95, 2019-06-14T11:25:21.000Z
40.847671, 14.052652, 100, 2019-06-14T11:25:21.000Z
40.847671, 14.052652, 90, 2019-06-14T11:25:21.000Z
40.847671, 14.052652, 111, 2019-06-14T11:25:21.000Z
40.847671, 14.052652, 109, 2019-06-14T11:25:21.000Z
40.847671, 14.052652, 101, 2019-06-14T11:25:21.000Z
40.847671, 14.052652, 102, 2019-06-14T11:25:21.000Z
40.847671, 14.052652, 107, 2019-06-14T11:25:21.000Z
40.847671, 14.052652, 101, 2019-06-14T11:25:21.000Z
40.847671, 14.052652, 98, 2019-06-14T11:25:21.000Z
40.847671, 14.052652, 97, 2019-06-14T11:25:21.000Z
40.847671, 14.052652, 116, 2019-06-14T11:25:21.000Z
40.847671, 14.052652, 93, 2019-06-14T11:25:21.000Z
40.847671, 14.052652, 108, 2019-06-14T11:25:21.000Z
40.847671, 14.052652, 108, 2019-06-14T11:25:21.000Z
40.847671, 14.052652, 100, 2019-06-14T11:25:21.000Z
40.847671, 14.052652, 103, 2019-06-14T11:25:21.000Z
40.847671, 14.052652, 102, 2019-06-14T11:25:21.000Z
40.847671, 14.052652, 92, 2019-06-14T11:25:21.000Z
40.847671, 14.052652, 93, 2019-06-14T11:25:21.000Z
40.847671, 14.052652, 97, 2019-06-14T11:25:21.000Z
40.847671, 14.052652, 105, 2019-06-14T11:25:21.000Z
40.847671, 14.052652, 97, 2019-06-14T11:25:21.000Z
40.847671, 14.052652, 110, 2019-06-14T11:25:21.000Z
40.847671, 14.052652, 95, 2019-06-14T11:25:21.000Z
40.847671, 14.052652, 101, 2019-06-14T11:25:21.000Z
40.847671, 14.052652, 95, 2019-06-14T11:25:21.000Z
40.847671, 14.052652, 105, 2019-06-14T11:25:21.000Z
40.847671, 14.052652, 91, 2019-06-14T11:25:21.000Z
40.847671, 14.052652, 101, 2019-06-14T11:25:21.000Z
40.847671, 14.052652, 94, 2019-06-14T11:25:21.000Z
40.847671, 14.052652, 100, 2019-06-14T11:25:21.000Z
40.847671, 14.052652, 100, 2019-06-14T11:25:21.000Z
40.847671, 14.052652, 105, 2019-06-14T11:25:21.000Z
40.847671, 14.052652, 100, 2019-06-14T11:25:21.000Z
40.847671, 14.052652, 102, 2019-06-14T11:25:21.000Z
40.847671, 14.052652, 107, 2019-06-14T11:25:21.000Z
40.847671, 14.052652, 105, 2019-06-14T11:25:21.000Z
40.847671, 14.052652, 105, 2019-06-14T11:25:21.000Z
40.847671, 14.052652, 106, 2019-06-14T11:25:21.000Z
40.847671, 14.052652, 105, 2019-06-14T11:25:21.000Z
40.847671, 14.052652, 99, 2019-06-14T11:25:21.000Z
40.847671, 14.052652, 90, 2019-06-14T11:25:21.000Z
40.847671, 14.052652, 100, 2019-06-14T11:25:21.000Z
40.847671, 14.052652, 97, 2019-06-14T11:25:21.000Z
40.847671, 14.052652, 98, 2019-06-14T11:25:21.000Z
40.847671, 14.052652, 99, 2019-06-14T11:25:21.000Z
40.847671, 14.052652, 97, 2019-06-14T11:25:21.000Z
40.847671, 14.052652, 107, 2019-06-14T11:25:21.000Z
40.847671, 14.052652, 109, 2019-06-14T11:25:21.000Z
40.847671, 14.052652, 101, 2019-06-14T11:25:21.000Z
40.847671, 14.052652, 109, 2019-06-14T11:25:21.000Z
40.847671, 14.052652, 99, 2019-06-14T11:25:21.000Z
40.847671, 14.052652, 95, 2019-06-14T11:25:21.000Z
40.847671, 14.052652, 102, 2019-06-14T11:25:21.000Z
40.847671, 14.052652, 84, 2019-06-14T11:25:21.000Z
40.847671, 14.052652, 116, 2019-06-14T11:25:21.000Z
40.847671, 14.052652, 86, 2019-06-14T11:25:21.000Z
40.847671, 14.052652, 102, 2019-06-14T11:25:21.000Z
40.847671, 14.052652, 111, 2019-06-14T11:25:21.000Z
40.847671, 14.052652, 84, 2019-06-14T11:25:21.000Z
40.847671, 14.052652, 118, 2019-06-14T11:25:21.000Z
40.847671, 14.052652, 89, 2019-06-14T11:25:21.000Z
40.847671, 14.052652, 109, 2019-06-14T11:25:21.000Z
40.847671, 14.052652, 95, 2019-06-14T11:25:21.000Z
40.847671, 14.052652, 97, 2019-06-14T11:25:21.000Z
40.847671, 14.052652, 85, 2019-06-14T11:25:21.000Z
40.847671, 14.052652, 103, 2019-06-14T11:25:21.000Z
40.847671, 14.052652, 91, 2019-06-14T11:25:21.000Z
40.847671, 14.052652, 96, 2019-06-14T11:25:21.000Z
40.847671, 14.052652, 102, 2019-06-14T11:25:21.000Z
40.847671, 14.052652, 115, 2019-06-14T11:25:21.000Z
40.847671, 14.052652, 92, 2019-06-14T11:25:21.000Z
40.847671, 14.052652, 104, 2019-06-14T11:25:21.000Z
40.847671, 14.052652, 85, 2019-06-14T11:25:21.000Z
40.847671, 14.052652, 109, 2019-06-14T11:25:21.000Z
40.847671, 14.052652, 113, 2019-06-14T11:25:21.000Z
40.847671, 14.052652, 83, 2019-06-14T11:25:21.000Z
40.847671, 14.052652, 99, 2019-06-14T11:25:21.000Z
40.847671, 14.052652, 103, 2019-06-14T11:25:21.000Z
40.847671, 14.052652, 101, 2019-06-14T11:25:21.000Z
40.847671, 14.052652, 105, 2019-06-14T11:25:21.000Z
40.847671, 14.052652, 82, 2019-06-14T11:25:21.000Z
40.847671, 14.052652, 90, 2019-06-14T11:25:21.000Z
40.847671, 14.052652, 98, 2019-06-14T11:25:21.000Z
40.847671, 14.052652, 102, 2019-06-14T11:25:21.000Z
40.847671, 14.052652, 94, 2019-06-14T11:25:21.000Z
40.847671, 14.052652, 95, 2019-06-14T11:25:21.000Z
40.847671, 14.052652, 95, 2019-06-14T11:25:21.000Z
40.847671, 14.052652, 98, 2019-06-14T11:25:21.000Z
40.847671, 14.052652, 98, 2019-06-14T11:25:21.000Z
40.847671, 14.052652, 97, 2019-06-14T11:25:21.000Z
40.847671, 14.052652, 94, 2019-06-14T11:25:21.000Z
40.847671, 14.052652, 96, 2019-06-14T11:25:21.000Z
40.847671, 14.052652, 99, 2019-06-14T11:25:21.000Z
40.847671, 14.052652, 102, 2019-06-14T11:25:21.000Z
40.847671, 14.052652, 96, 2019-06-14T11:25:21.000Z
40.847671, 14.052652, 103, 2019-06-14T11:25:21.000Z
40.847671, 14.052652, 111, 2019-06-14T11:25:21.000Z
40.847671, 14.052652, 103, 2019-06-14T11:25:21.000Z
40.847671, 14.052652, 97, 2019-06-14T11:25:21.000Z
40.847671, 14.052652, 108, 2019-06-14T11:25:21.000Z
40.847671, 14.052652, 94, 2019-06-14T11:25:21.000Z
40.847671, 14.052652, 93, 2019-06-14T11:25:21.000Z
40.847671, 14.052652, 90, 2019-06-14T11:25:21.000Z
40.847671, 14.052652, 94, 2019-06-14T11:25:21.000Z
40.847671, 14.052652, 114, 2019-06-14T11:25:21.000Z
40.847671, 14.052652, 103, 2019-06-14T11:25:21.000Z
40.847671, 14.052652, 119, 2019-06-14T11:25:21.000Z
40.847671, 14.052652, 108, 2019-06-14T11:25:21.000Z
40.847671, 14.052652, 109, 2019-06-14T11:25:21.000Z
40.847671, 14.052652, 88, 2019-06-14T11:25:21.000Z
40.847671, 14.052652, 95, 2019-06-14T11:25:21.000Z
40.847671, 14.052652, 110, 2019-06-14T11:25:21.000Z
40.847671, 14.052652, 94, 2019-06-14T11:25:21.000Z
40.847671, 14.052652, 100, 2019-06-14T11:25:21.000Z
40.847671, 14.052652, 99, 2019-06-14T11:25:21.000Z
40.847671, 14.052652, 91, 2019-06-14T11:25:21.000Z
40.847671, 14.052652, 109, 2019-06-14T11:25:21.000Z
40.847671, 14.052652, 94, 2019-06-14T11:25:21.000Z
40.847671, 14.052652, 104, 2019-06-14T11:25:21.000Z
40.847671, 14.052652, 93, 2019-06-14T11:25:21.000Z
40.847671, 14.052652, 104, 2019-06-14T11:25:21.000Z
40.847671, 14.052652, 111, 2019-06-14T11:25:21.000Z
40.847671, 14.052652, 100, 2019-06-14T11:25:21.000Z
40.847671, 14.052652, 98, 2019-06-14T11:25:21.000Z
40.847671, 14.052652, 103, 2019-06-14T11:25:21.000Z
40.847671, 14.052652, 89, 2019-06-14T11:25:21.000Z
40.847671, 14.052652, 114, 2019-06-14T11:25:21.000Z
40.847671, 14.052652, 90, 2019-06-14T11:25:21.000Z
40.847671, 14.052652, 95, 2019-06-14T11:25:21.000Z
40.847671, 14.052652, 102, 2019-06-14T11:25:21.000Z
40.847671, 14.052652, 103, 2019-06-14T11:25:21.000Z
40.847671, 14.052652, 98, 2019-06-14T11:25:21.000Z
40.847671, 14.052652, 111, 2019-06-14T11:25:21.000Z
40.847671, 14.052652, 112, 2019-06-14T11:25:21.000Z
40.847671, 14.052652, 97, 2019-06-14T11:25:21.000Z
40.847671, 14.052652, 99, 2019-06-14T11:25:21.000Z
40.847671, 14.052652, 116, 2019-06-14T11:25:21.000Z
40.847671, 14.052652, 94, 2019-06-14T11:25:21.000Z
40.847671, 14.052652, 92, 2019-06-14T11:25:21.000Z
40.847671, 14.052652, 105, 2019-06-14T11:25:21.000Z
40.847671, 14.052652, 111, 2019-06-14T11:25:21.000Z
40.847671, 14.052652, 98, 2019-06-14T11:25:21.000Z
40.847671, 14.052652, 114, 2019-06-14T11:25:21.000Z
40.847671, 14.052652, 93, 2019-06-14T11:25:21.000Z
40.847671, 14.052652, 96, 2019-06-14T11:25:21.000Z
40.847671, 14.052652, 97, 2019-06-14T11:25:21.000Z
40.847671, 14.052652, 95, 2019-06-14T11:25:21.000Z
40.847671, 14.052652, 103, 2019-06-14T11:25:21.000Z
40.847671, 14.052652, 108, 2019-06-14T11:25:21.000Z
40.847671, 14.052652, 92, 2019-06-14T11:25:21.000Z
40.847671, 14.052652, 108, 2019-06-14T11:25:21.000Z
40.847671, 14.052652, 102, 2019-06-14T11:25:21.000Z
40.847671, 14.052652, 88, 2019-06-14T11:25:21.000Z
40.847671, 14.052652, 104, 2019-06-14T11:25:21.000Z
40.847671, 14.052652, 104, 2019-06-14T11:25:21.000Z
40.847671, 14.052652, 103, 2019-06-14T11:25:21.000Z
40.847671, 14.052652, 100, 2019-06-14T11:25:21.000Z
40.847671, 14.052652, 105, 2019-06-14T11:25:21.000Z
40.847671, 14.052652, 104, 2019-06-14T11:25:21.000Z
40.847671, 14.052652, 107, 2019-06-14T11:25:21.000Z
40.847671, 14.052652, 99, 2019-06-14T11:25:21.000Z
40.847671, 14.052652, 98, 2019-06-14T11:25:21.000Z
40.847671, 14.052652, 87, 2019-06-14T11:25:21.000Z
40.847671, 14.052652, 103, 2019-06-14T11:25:21.000Z
40.847671, 14.052652, 86, 2019-06-14T11:25:21.000Z
40.847671, 14.052652, 106, 2019-06-14T11:25:21.000Z
40.847671, 14.052652, 87, 2019-06-14T11:25:21.000Z
40.847671, 14.052652, 104, 2019-06-14T11:25:21.000Z
40.847671, 14.052652, 101, 2019-06-14T11:25:21.000Z
40.847671, 14.052652, 108, 2019-06-14T11:25:21.000Z
40.847671, 14.052652, 102, 2019-06-14T11:25:21.000Z
40.847671, 14.052652, 106, 2019-06-14T11:25:21.000Z
40.847671, 14.052652, 100, 2019-06-14T11:25:21.000Z
40.847671, 14.052652, 103, 2019-06-14T11:25:21.000Z
40.847671, 14.052652, 89, 2019-06-14T11:25:21.000Z
40.847671, 14.052652, 92, 2019-06-14T11:25:21.000Z
40.847671, 14.052652, 111, 2019-06-14T11:25:21.000Z
40.847671, 14.052652, 87, 2019-06-14T11:25:21.000Z
40.847671, 14.052652, 105, 2019-06-14T11:25:21.000Z
40.847671, 14.052652, 92, 2019-06-14T11:25:21.000Z
40.847671, 14.052652, 98, 2019-06-14T11:25:21.000Z
40.847671, 14.052652, 115, 2019-06-14T11:25:21.000Z
40.847671, 14.052652, 97, 2019-06-14T11:25:21.000Z
40.847671, 14.052652, 113, 2019-06-14T11:25:21.000Z
40.847671, 14.052652, 91, 2019-06-14T11:25:21.000Z
40.847671, 14.052652, 92, 2019-06-14T11:25:21.000Z
40.847671, 14.052652, 93, 2019-06-14T11:25:21.000Z
40.847671, 14.052652, 104, 2019-06-14T11:25:21.000Z
40.847671, 14.052652, 99, 2019-06-14T11:25:21.000Z
40.847671, 14.052652, 100, 2019-06-14T11:25:21.000Z
40.847671, 14.052652, 98, 2019-06-14T11:25:21.000Z
40.847671, 14.052652, 100, 2019-06-14T11:25:21.000Z
40.847671, 14.052652, 114, 2019-06-14T11:25:21.000Z
40.847671, 14.052652, 102, 2019-06-14T11:25:21.000Z
40.847671, 14.052652, 96, 2019-06-14T11:25:21.000Z
40.847671, 14.052652, 89, 2019-06-14T11:25:21.000Z
40.847671, 14.052652, 109, 2019-06-14T11:25:21.000Z
40.847671, 14.052652, 103, 2019-06-14T11:25:21.000Z
40.847671, 14.052652, 100, 2019-06-14T11:25:21.000Z
40.847671, 14.052652, 96, 2019-06-14T11:25:21.000Z
40.847671, 14.052652, 93, 2019-06-14T11:25:21.000Z
40.847671, 14.052652, 98, 2019-06-14T11:25:21.000Z
40.847671, 14.052652, 98, 2019-06-14T11:25:21.000Z
40.847671, 14.052652, 103, 2019-06-14T11:25:21.000Z
40.847671, 14.052652, 95, 2019-06-14T11:25:21.000Z
40.847671, 14.052652, 93, 2019-06-14T11:25:21.000Z
40.847671, 14.052652, 93, 2019-06-14T11:25:21.000Z
40.847671, 14.052652, 93, 2019-06-14T11:25:21.000Z
40.847671, 14.052652, 84, 2019-06-14T11:25:21.000Z
40.847671, 14.052652, 103, 2019-06-14T11:25:21.000Z
40.847671, 14.052652, 101, 2019-06-14T11:25:21.000Z
40.847671, 14.052652, 88, 2019-06-14T11:25:21.000Z
40.847671, 14.052652, 111, 2019-06-14T11:25:21.000Z
40.847671, 14.052652, 93, 2019-06-14T11:25:21.000Z
40.847671, 14.052652, 96, 2019-06-14T11:25:21.000Z
40.847671, 14.052652, 92, 2019-06-14T11:25:21.000Z
40.847671, 14.052652, 97, 2019-06-14T11:25:21.000Z
40.847671, 14.052652, 100, 2019-06-14T11:25:21.000Z
40.847671, 14.052652, 101, 2019-06-14T11:25:21.000Z
40.847671, 14.052652, 97, 2019-06-14T11:25:21.000Z
40.847671, 14.052652, 116, 2019-06-14T11:25:21.000Z
40.847671, 14.052652, 105, 2019-06-14T11:25:21.000Z
40.847671, 14.052652, 100, 2019-06-14T11:25:21.000Z
40.847671, 14.052652, 103, 2019-06-14T11:25:21.000Z
40.847671, 14.052652, 94, 2019-06-14T11:25:21.000Z
40.847671, 14.052652, 107, 2019-06-14T11:25:21.000Z
40.847671, 14.052652, 114, 2019-06-14T11:25:21.000Z
40.847671, 14.052652, 91, 2019-06-14T11:25:21.000Z
40.847671, 14.052652, 107, 2019-06-14T11:25:21.000Z
40.847671, 14.052652, 107, 2019-06-14T11:25:21.000Z
40.847671, 14.052652, 112, 2019-06-14T11:25:21.000Z
40.847671, 14.052652, 98, 2019-06-14T11:25:21.000Z
40.847671, 14.052652, 110, 2019-06-14T11:25:21.000Z
40.847671, 14.052652, 94, 2019-06-14T11:25:21.000Z
40.847671, 14.052652, 95, 2019-06-14T11:25:21.000Z
40.847671, 14.052652, 93, 2019-06-14T11:25:21.000Z
40.847671, 14.052652, 102, 2019-06-14T11:25:21.000Z
40.847671, 14.052652, 97, 2019-06-14T11:25:21.000Z
40.847671, 14.052652, 98, 2019-06-14T11:25:21.000Z
40.847671, 14.052652, 102, 2019-06-14T11:25:21.000Z
40.847671, 14.052652, 99, 2019-06-14T11:25:21.000Z
40.847671, 14.052652, 90, 2019-06-14T11:25:21.000Z
40.847671, 14.052652, 90, 2019-06-14T11:25:21.000Z
40.847671, 14.052652, 104, 2019-06-14T11:25:21.000Z
40.847671, 14.052652, 107, 2019-06-14T11:25:21.000Z
40.847671, 14.052652, 106, 2019-06-14T11:25:21.000Z
40.847671, 14.052652, 103, 2019-06-14T11:25:21.000Z
40.847671, 14.052652, 91, 2019-06-14T11:25:21.000Z
40.847671, 14.052652, 94, 2019-06-14T11:25:21.000Z
40.847671, 14.052652, 99, 2019-06-14T11:25:21.000Z
40.847671, 14.052652, 107, 2019-06-14T11:25:21.000Z
40.847671, 14.052652, 102, 2019-06-14T11:25:21.000Z
40.847671, 14.052652, 108, 2019-06-14T11:25:21.000Z
40.847671, 14.052652, 97, 2019-06-14T11:25:21.000Z
40.847671, 14.052652, 115, 2019-06-14T11:25:21.000Z
40.847671, 14.052652, 93, 2019-06-14T11:25:21.000Z
40.847671, 14.052652, 104, 2019-06-14T11:25:21.000Z
40.847671, 14.052652, 100, 2019-06-14T11:25:21.000Z
40.847671, 14.052652, 103, 2019-06-14T11:25:21.000Z
40.847671, 14.052652, 97, 2019-06-14T11:25:21.000Z
40.847671, 14.052652, 105, 2019-06-14T11:25:21.000Z
40.847671, 14.052652, 106, 2019-06-14T11:25:21.000Z
40.847671, 14.052652, 109, 2019-06-14T11:25:21.000Z
40.847671, 14.052652, 114, 2019-06-14T11:25:21.000Z
40.847671, 14.052652, 107, 2019-06-14T11:25:21.000Z
40.847671, 14.052652, 104, 2019-06-14T11:25:21.000Z
40.847671, 14.052652, 105, 2019-06-14T11:25:21.000Z
40.847671, 14.052652, 95, 2019-06-14T11:25:21.000Z
40.847671, 14.052652, 105, 2019-06-14T11:25:21.000Z
40.847671, 14.052652, 87, 2019-06-14T11:25:21.000Z
40.847671, 14.052652, 92, 2019-06-14T11:25:21.000Z
40.847671, 14.052652, 102, 2019-06-14T11:25:21.000Z
40.847671, 14.052652, 94, 2019-06-14T11:25:21.000Z
40.847671, 14.052652, 92, 2019-06-14T11:25:21.000Z
40.847671, 14.052652, 94, 2019-06-14T11:25:21.000Z
40.847671, 14.052652, 89, 2019-06-14T11:25:21.000Z
40.847671, 14.052652, 93, 2019-06-14T11:25:21.000Z
40.847671, 14.052652, 92, 2019-06-14T11:25:21.000Z
40.847671, 14.052652, 96, 2019-06-14T11:25:21.000Z
40.847671, 14.052652, 93, 2019-06-14T11:25:21.000Z
40.847671, 14.052652, 107, 2019-06-14T11:25:21.000Z
40.847671, 14.052652, 115, 2019-06-14T11:25:21.000Z
40.847671, 14.052652, 94, 2019-06-14T11:25:21.000Z
40.847671, 14.052652, 105, 2019-06-14T11:25:21.000Z
40.847671, 14.052652, 93, 2019-06-14T11:25:21.000Z
40.847671, 14.052652, 99, 2019-06-14T11:25:21.000Z
40.847671, 14.052652, 104, 2019-06-14T11:25:21.000Z
40.847671, 14.052652, 102, 2019-06-14T11:25:21.000Z
40.847671, 14.052652, 96, 2019-06-14T11:25:21.000Z
40.847671, 14.052652, 96, 2019-06-14T11:25:21.000Z
40.847671, 14.052652, 88, 2019-06-14T11:25:21.000Z
40.847671, 14.052652, 103, 2019-06-14T11:25:21.000Z
40.847671, 14.052652, 100, 2019-06-14T11:25:21.000Z
40.847671, 14.052652, 100, 2019-06-14T11:25:21.000Z
40.847671, 14.052652, 107, 2019-06-14T11:25:21.000Z
40.847671, 14.052652, 113, 2019-06-14T11:25:21.000Z
40.847671, 14.052652, 100, 2019-06-14T11:25:21.000Z
40.847671, 14.052652, 101, 2019-06-14T11:25:21.000Z
40.847671, 14.052652, 99, 2019-06-14T11:25:21.000Z
40.847671, 14.052652, 92, 2019-06-14T11:25:21.000Z
40.847671, 14.052652, 110, 2019-06-14T11:25:21.000Z
40.847671, 14.052652, 101, 2019-06-14T11:25:21.000Z
40.847671, 14.052652, 108, 2019-06-14T11:25:21.000Z
40.847671, 14.052652, 93, 2019-06-14T11:25:21.000Z
40.847671, 14.052652, 108, 2019-06-14T11:25:21.000Z
40.847671, 14.052652, 97, 2019-06-14T11:25:21.000Z
40.847671, 14.052652, 88, 2019-06-14T11:25:21.000Z
40.847671, 14.052652, 92, 2019-06-14T11:25:21.000Z
40.847671, 14.052652, 106, 2019-06-14T11:25:21.000Z
40.847671, 14.052652, 106, 2019-06-14T11:25:21.000Z
40.847671, 14.052652, 87, 2019-06-14T11:25:21.000Z
40.847671, 14.052652, 93, 2019-06-14T11:25:21.000Z
40.847671, 14.052652, 92, 2019-06-14T11:25:21.000Z
40.847671, 14.052652, 89, 2019-06-14T11:25:21.000Z
40.847671, 14.052652, 98, 2019-06-14T11:25:21.000Z
40.847671, 14.052652, 103, 2019-06-14T11:25:21.000Z
40.847671, 14.052652, 98, 2019-06-14T11:25:21.000Z
40.847671, 14.052652, 100, 2019-06-14T11:25:21.000Z
40.847671, 14.052652, 98, 2019-06-14T11:25:21.000Z
40.847671, 14.052652, 93, 2019-06-14T11:25:21.000Z
40.847671, 14.052652, 91, 2019-06-14T11:25:21.000Z
40.847671, 14.052652, 94, 2019-06-14T11:25:21.000Z
40.847671, 14.052652, 90, 2019-06-14T11:25:21.000Z
40.847671, 14.052652, 95, 2019-06-14T11:25:21.000Z
40.847671, 14.052652, 92, 2019-06-14T11:25:21.000Z
40.847671, 14.052652, 105, 2019-06-14T11:25:21.000Z
40.847671, 14.052652, 104, 2019-06-14T11:25:21.000Z
40.847671, 14.052652, 109, 2019-06-14T11:25:21.000Z
40.847671, 14.052652, 104, 2019-06-14T11:25:21.000Z
40.847671, 14.052652, 99, 2019-06-14T11:25:21.000Z
40.847671, 14.052652, 91, 2019-06-14T11:25:21.000Z
40.847671, 14.052652, 100, 2019-06-14T11:25:21.000Z
40.847671, 14.052652, 110, 2019-06-14T11:25:21.000Z
40.847671, 14.052652, 89, 2019-06-14T11:25:21.000Z
40.847671, 14.052652, 99, 2019-06-14T11:25:21.000Z
40.847671, 14.052652, 113, 2019-06-14T11:25:21.000Z
40.847671, 14.052652, 95, 2019-06-14T11:25:21.000Z
40.847671, 14.052652, 111, 2019-06-14T11:25:21.000Z
40.847671, 14.052652, 96, 2019-06-14T11:25:21.000Z
40.847671, 14.052652, 107, 2019-06-14T11:25:21.000Z
40.847671, 14.052652, 104, 2019-06-14T11:25:21.000Z
40.847671, 14.052652, 103, 2019-06-14T11:25:21.000Z
40.847671, 14.052652, 96, 2019-06-14T11:25:21.000Z
40.847671, 14.052652, 97, 2019-06-14T11:25:21.000Z
40.847671, 14.052652, 100, 2019-06-14T11:25:21.000Z
40.847671, 14.052652, 124, 2019-06-14T11:25:21.000Z
40.847671, 14.052652, 104, 2019-06-14T11:25:21.000Z
40.847671, 14.052652, 104, 2019-06-14T11:25:21.000Z
40.847671, 14.052652, 99, 2019-06-14T11:25:21.000Z
40.847671, 14.052652, 103, 2019-06-14T11:25:21.000Z
40.847671, 14.052652, 103, 2019-06-14T11:25:21.000Z
40.847671, 14.052652, 103, 2019-06-14T11:25:21.000Z
40.847671, 14.052652, 94, 2019-06-14T11:25:21.000Z
40.847671, 14.052652, 101, 2019-06-14T11:25:21.000Z
40.847671, 14.052652, 94, 2019-06-14T11:25:21.000Z
40.847671, 14.052652, 101, 2019-06-14T11:25:21.000Z
40.847671, 14.052652, 95, 2019-06-14T11:25:21.000Z
40.847671, 14.052652, 102, 2019-06-14T11:25:21.000Z
40.847671, 14.052652, 93, 2019-06-14T11:25:21.000Z
40.847671, 14.052652, 86, 2019-06-14T11:25:21.000Z
40.847671, 14.052652, 100, 2019-06-14T11:25:21.000Z
40.847671, 14.052652, 103, 2019-06-14T11:25:21.000Z
40.847671, 14.052652, 100, 2019-06-14T11:25:21.000Z
40.847671, 14.052652, 89, 2019-06-14T11:25:21.000Z
40.847671, 14.052652, 103, 2019-06-14T11:25:21.000Z
40.847671, 14.052652, 105, 2019-06-14T11:25:21.000Z
40.847671, 14.052652, 98, 2019-06-14T11:25:21.000Z
40.847671, 14.052652, 99, 2019-06-14T11:25:21.000Z
40.847671, 14.052652, 107, 2019-06-14T11:25:21.000Z
40.847671, 14.052652, 102, 2019-06-14T11:25:21.000Z
40.847671, 14.052652, 108, 2019-06-14T11:25:21.000Z
40.847671, 14.052652, 85, 2019-06-14T11:25:21.000Z
40.847671, 14.052652, 94, 2019-06-14T11:25:21.000Z
40.847671, 14.052652, 93, 2019-06-14T11:25:21.000Z
40.847671, 14.052652, 116, 2019-06-14T11:25:21.000Z
40.847671, 14.052652, 98, 2019-06-14T11:25:21.000Z
40.847671, 14.052652, 110, 2019-06-14T11:25:21.000Z
40.847671, 14.052652, 100, 2019-06-14T11:25:21.000Z
40.847671, 14.052652, 100, 2019-06-14T11:25:21.000Z
40.847671, 14.052652, 104, 2019-06-14T11:25:21.000Z
40.847671, 14.052652, 117, 2019-06-14T11:25:21.000Z
40.847671, 14.052652, 101, 2019-06-14T11:25:21.000Z
40.847671, 14.052652, 104, 2019-06-14T11:25:21.000Z
40.847671, 14.052652, 102, 2019-06-14T11:25:21.000Z
40.847671, 14.052652, 95, 2019-06-14T11:25:21.000Z
40.847671, 14.052652, 109, 2019-06-14T11:25:21.000Z
40.847671, 14.052652, 104, 2019-06-14T11:25:21.000Z
40.847671, 14.052652, 93, 2019-06-14T11:25:21.000Z
40.847671, 14.052652, 98, 2019-06-14T11:25:21.000Z
40.847671, 14.052652, 104, 2019-06-14T11:25:21.000Z
40.847671, 14.052652, 102, 2019-06-14T11:25:21.000Z
40.847671, 14.052652, 105, 2019-06-14T11:25:21.000Z
40.847671, 14.052652, 93, 2019-06-14T11:25:21.000Z
40.847671, 14.052652, 105, 2019-06-14T11:25:21.000Z
40.847671, 14.052652, 110, 2019-06-14T11:25:21.000Z
40.847671, 14.052652, 110, 2019-06-14T11:25:21.000Z
40.847671, 14.052652, 98, 2019-06-14T11:25:21.000Z
40.847671, 14.052652, 96, 2019-06-14T11:25:21.000Z
40.847671, 14.052652, 90, 2019-06-14T11:25:21.000Z
40.847671, 14.052652, 104, 2019-06-14T11:25:21.000Z
40.847671, 14.052652, 104, 2019-06-14T11:25:21.000Z
40.847671, 14.052652, 109, 2019-06-14T11:25:21.000Z
40.847671, 14.052652, 109, 2019-06-14T11:25:21.000Z
40.847671, 14.052652, 92, 2019-06-14T11:25:21.000Z
40.847671, 14.052652, 88, 2019-06-14T11:25:21.000Z
40.847671, 14.052652, 106, 2019-06-14T11:25:21.000Z
40.847671, 14.052652, 97, 2019-06-14T11:25:21.000Z
40.847671, 14.052652, 106, 2019-06-14T11:25:21.000Z
40.847671, 14.052652, 100, 2019-06-14T11:25:21.000Z
40.847671, 14.052652, 94, 2019-06-14T11:25:21.000Z
40.847671, 14.052652, 100, 2019-06-14T11:25:21.000Z
40.847671, 14.052652, 96, 2019-06-14T11:25:21.000Z
40.847671, 14.052652, 90, 2019-06-14T11:25:21.000Z
40.847671, 14.052652, 84, 2019-06-14T11:25:21.000Z
40.847671, 14.052652, 91, 2019-06-14T11:25:21.000Z
40.847671, 14.052652, 95, 2019-06-14T11:25:21.000Z
40.847671, 14.052652, 104, 2019-06-14T11:25:21.000Z
40.847671, 14.052652, 105, 2019-06-14T11:25:21.000Z
40.847671, 14.052652, 107, 2019-06-14T11:25:21.000Z
40.847671, 14.052652, 108, 2019-06-14T11:25:21.000Z
40.847671, 14.052652, 98, 2019-06-14T11:25:21.000Z
40.847671, 14.052652, 105, 2019-06-14T11:25:21.000Z
40.847671, 14.052652, 100, 2019-06-14T11:25:21.000Z
40.847671, 14.052652, 98, 2019-06-14T11:25:21.000Z
40.847671, 14.052652, 96, 2019-06-14T11:25:21.000Z
40.847671, 14.052652, 102, 2019-06-14T11:25:21.000Z
40.847671, 14.052652, 105, 2019-06-14T11:25:21.000Z
40.847671, 14.052652, 101, 2019-06-14T11:25:21.000Z
40.847671, 14.052652, 106, 2019-06-14T11:25:21.000Z
40.847671, 14.052652, 93, 2019-06-14T11:25:21.000Z
40.847671, 14.052652, 100, 2019-06-14T11:25:21.000Z
40.847671, 14.052652, 99, 2019-06-14T11:25:21.000Z
40.847671, 14.052652, 91, 2019-06-14T11:25:21.000Z
40.847671, 14.052652, 104, 2019-06-14T11:25:21.000Z
40.847671, 14.052652, 107, 2019-06-14T11:25:21.000Z
40.847671, 14.052652, 101, 2019-06-14T11:25:21.000Z
40.847671, 14.052652, 105, 2019-06-14T11:25:21.000Z
40.847671, 14.052652, 107, 2019-06-14T11:25:21.000Z
40.847671, 14.052652, 90, 2019-06-14T11:25:21.000Z
40.847671, 14.052652, 93, 2019-06-14T11:25:21.000Z
40.847671, 14.052652, 97, 2019-06-14T11:25:21.000Z
40.847671, 14.052652, 107, 2019-06-14T11:25:21.000Z
40.847671, 14.052652, 116, 2019-06-14T11:25:21.000Z
40.847671, 14.052652, 99, 2019-06-14T11:25:21.000Z
40.847671, 14.052652, 100, 2019-06-14T11:25:21.000Z
40.847671, 14.052652, 98, 2019-06-14T11:25:21.000Z
40.847671, 14.052652, 95, 2019-06-14T11:25:21.000Z
40.847671, 14.052652, 106, 2019-06-14T11:25:21.000Z
40.847671, 14.052652, 101, 2019-06-14T11:25:21.000Z
40.847671, 14.052652, 103, 2019-06-14T11:25:21.000Z
40.847671, 14.052652, 101, 2019-06-14T11:25:21.000Z
40.847671, 14.052652, 89, 2019-06-14T11:25:21.000Z
40.847671, 14.052652, 101, 2019-06-14T11:25:21.000Z
40.847671, 14.052652, 98, 2019-06-14T11:25:21.000Z
40.847671, 14.052652, 105, 2019-06-14T11:25:21.000Z
40.847671, 14.052652, 116, 2019-06-14T11:25:21.000Z
40.847671, 14.052652, 87, 2019-06-14T11:25:21.000Z
40.847671, 14.052652, 93, 2019-06-14T11:25:21.000Z
40.847671, 14.052652, 95, 2019-06-14T11:25:21.000Z
40.847671, 14.052652, 94, 2019-06-14T11:25:21.000Z
40.847671, 14.052652, 96, 2019-06-14T11:25:21.000Z
40.847671, 14.052652, 94, 2019-06-14T11:25:21.000Z
40.847671, 14.052652, 96, 2019-06-14T11:25:21.000Z
40.847671, 14.052652, 103, 2019-06-14T11:25:21.000Z
40.847671, 14.052652, 102, 2019-06-14T11:25:21.000Z
40.847671, 14.052652, 97, 2019-06-14T11:25:21.000Z
40.847671, 14.052652, 88, 2019-06-14T11:25:21.000Z
40.847671, 14.052652, 99, 2019-06-14T11:25:21.000Z
40.847671, 14.052652, 99, 2019-06-14T11:25:21.000Z
40.847671, 14.052652, 99, 2019-06-14T11:25:21.000Z
40.847671, 14.052652, 92, 2019-06-14T11:25:21.000Z
40.847671, 14.052652, 94, 2019-06-14T11:25:21.000Z
40.847671, 14.052652, 102, 2019-06-14T11:25:21.000Z
40.847671, 14.052652, 112, 2019-06-14T11:25:21.000Z
40.847671, 14.052652, 92, 2019-06-14T11:25:21.000Z
40.847671, 14.052652, 99, 2019-06-14T11:25:21.000Z
40.847671, 14.052652, 95, 2019-06-14T11:25:21.000Z
40.847671, 14.052652, 97, 2019-06-14T11:25:21.000Z
40.847671, 14.052652, 93, 2019-06-14T11:25:21.000Z
40.847671, 14.052652, 91, 2019-06-14T11:25:21.000Z
40.847671, 14.052652, 97, 2019-06-14T11:25:21.000Z
40.847671, 14.052652, 90, 2019-06-14T11:25:21.000Z
40.847671, 14.052652, 111, 2019-06-14T11:25:21.000Z
40.847671, 14.052652, 84, 2019-06-14T11:25:21.000Z
40.847671, 14.052652, 93, 2019-06-14T11:25:21.000Z
40.847671, 14.052652, 99, 2019-06-14T11:25:21.000Z
40.847671, 14.052652, 100, 2019-06-14T11:25:21.000Z
40.847671, 14.052652, 110, 2019-06-14T11:25:21.000Z
40.847671, 14.052652, 92, 2019-06-14T11:25:21.000Z
40.847671, 14.052652, 89, 2019-06-14T11:25:21.000Z
40.847671, 14.052652, 107, 2019-06-14T11:25:21.000Z
40.847671, 14.052652, 99, 2019-06-14T11:25:21.000Z
40.847671, 14.052652, 94, 2019-06-14T11:25:21.000Z
40.847671, 14.052652, 104, 2019-06-14T11:25:21.000Z
40.847671, 14.052652, 102, 2019-06-14T11:25:21.000Z
40.847671, 14.052652, 88, 2019-06-14T11:25:21.000Z
40.847671, 14.052652, 92, 2019-06-14T11:25:21.000Z
40.847671, 14.052652, 94, 2019-06-14T11:25:21.000Z
40.847671, 14.052652, 87, 2019-06-14T11:25:21.000Z
40.847671, 14.052652, 97, 2019-06-14T11:25:21.000Z
40.847671, 14.052652, 99, 2019-06-14T11:25:21.000Z
40.847671, 14.052652, 105, 2019-06-14T11:25:21.000Z
40.847671, 14.052652, 112, 2019-06-14T11:25:21.000Z
40.847671, 14.052652, 101, 2019-06-14T11:25:21.000Z
40.847671, 14.052652, 100, 2019-06-14T11:25:21.000Z
40.847671, 14.052652, 108, 2019-06-14T11:25:21.000Z
40.847671, 14.052652, 100, 2019-06-14T11:25:21.000Z
40.847671, 14.052652, 102, 2019-06-14T11:25:21.000Z
40.847671, 14.052652, 108, 2019-06-14T11:25:21.000Z
40.847671, 14.052652, 94, 2019-06-14T11:25:21.000Z
40.847671, 14.052652, 105, 2019-06-14T11:25:21.000Z
40.847671, 14.052652, 94, 2019-06-14T11:25:21.000Z
40.847671, 14.052652, 109, 2019-06-14T11:25:21.000Z
40.847671, 14.052652, 94, 2019-06-14T11:25:21.000Z
40.847671, 14.052652, 100, 2019-06-14T11:25:21.000Z
40.847671, 14.052652, 119, 2019-06-14T11:25:21.000Z
40.847671, 14.052652, 119, 2019-06-14T11:25:21.000Z
40.847671, 14.052652, 106, 2019-06-14T11:25:21.000Z
40.847671, 14.052652, 101, 2019-06-14T11:25:21.000Z
40.847671, 14.052652, 107, 2019-06-14T11:25:21.000Z
40.847671, 14.052652, 112, 2019-06-14T11:25:21.000Z
40.847671, 14.052652, 93, 2019-06-14T11:25:21.000Z
40.847671, 14.052652, 93, 2019-06-14T11:25:21.000Z
40.847671, 14.052652, 98, 2019-06-14T11:25:21.000Z
40.847671, 14.052652, 94, 2019-06-14T11:25:21.000Z
40.847671, 14.052652, 104, 2019-06-14T11:25:21.000Z
40.847671, 14.052652, 108, 2019-06-14T11:25:21.000Z
40.847671, 14.052652, 94, 2019-06-14T11:25:21.000Z
40.847671, 14.052652, 100, 2019-06-14T11:25:21.000Z
40.847671, 14.052652, 102, 2019-06-14T11:25:21.000Z
40.847671, 14.052652, 92, 2019-06-14T11:25:21.000Z
40.847671, 14.052652, 100, 2019-06-14T11:25:21.000Z
40.847671, 14.052652, 98, 2019-06-14T11:25:21.000Z
40.847671, 14.052652, 102, 2019-06-14T11:25:21.000Z
40.847671, 14.052652, 89, 2019-06-14T11:25:21.000Z
40.847671, 14.052652, 95, 2019-06-14T11:25:21.000Z
40.847671, 14.052652, 93, 2019-06-14T11:25:21.000Z
40.847671, 14.052652, 114, 2019-06-14T11:25:21.000Z
40.847671, 14.052652, 105, 2019-06-14T11:25:21.000Z
40.847671, 14.052652, 90, 2019-06-14T11:25:21.000Z
40.847671, 14.052652, 103, 2019-06-14T11:25:21.000Z
40.847671, 14.052652, 91, 2019-06-14T11:25:21.000Z
40.847671, 14.052652, 112, 2019-06-14T11:25:21.000Z
40.847671, 14.052652, 107, 2019-06-14T11:25:21.000Z
40.847671, 14.052652, 96, 2019-06-14T11:25:21.000Z
40.847671, 14.052652, 95, 2019-06-14T11:25:21.000Z
40.847671, 14.052652, 97, 2019-06-14T11:25:21.000Z
40.847671, 14.052652, 96, 2019-06-14T11:25:21.000Z
40.847671, 14.052652, 99, 2019-06-14T11:25:21.000Z
40.847671, 14.052652, 104, 2019-06-14T11:25:21.000Z
40.847671, 14.052652, 103, 2019-06-14T11:25:21.000Z
40.847671, 14.052652, 102, 2019-06-14T11:25:21.000Z
40.847671, 14.052652, 114, 2019-06-14T11:25:21.000Z
40.847671, 14.052652, 115, 2019-06-14T11:25:21.000Z
40.847671, 14.052652, 93, 2019-06-14T11:25:21.000Z
40.847671, 14.052652, 103, 2019-06-14T11:25:21.000Z
40.847671, 14.052652, 96, 2019-06-14T11:25:21.000Z
40.847671, 14.052652, 106, 2019-06-14T11:25:21.000Z
40.847671, 14.052652, 95, 2019-06-14T11:25:21.000Z
40.847671, 14.052652, 115, 2019-06-14T11:25:21.000Z
40.847671, 14.052652, 100, 2019-06-14T11:25:21.000Z
40.847671, 14.052652, 106, 2019-06-14T11:25:21.000Z
40.847671, 14.052652, 98, 2019-06-14T11:25:21.000Z
40.847671, 14.052652, 96, 2019-06-14T11:25:21.000Z
40.847671, 14.052652, 109, 2019-06-14T11:25:21.000Z
40.847671, 14.052652, 114, 2019-06-14T11:25:21.000Z
40.847671, 14.052652, 114, 2019-06-14T11:25:21.000Z
40.847671, 14.052652, 88, 2019-06-14T11:25:21.000Z
40.847671, 14.052652, 101, 2019-06-14T11:25:21.000Z
40.847671, 14.052652, 98, 2019-06-14T11:25:21.000Z
40.847671, 14.052652, 102, 2019-06-14T11:25:21.000Z
40.847671, 14.052652, 91, 2019-06-14T11:25:21.000Z
40.847671, 14.052652, 101, 2019-06-14T11:25:21.000Z
40.847671, 14.052652, 105, 2019-06-14T11:25:21.000Z
40.847671, 14.052652, 116, 2019-06-14T11:25:21.000Z
40.847671, 14.052652, 112, 2019-06-14T11:25:21.000Z
40.847671, 14.052652, 99, 2019-06-14T11:25:21.000Z
40.847671, 14.052652, 99, 2019-06-14T11:25:21.000Z
40.847671, 14.052652, 100, 2019-06-14T11:25:21.000Z
40.847671, 14.052652, 100, 2019-06-14T11:25:21.000Z
40.847671, 14.052652, 97, 2019-06-14T11:25:21.000Z
40.847671, 14.052652, 106, 2019-06-14T11:25:21.000Z
40.847671, 14.052652, 95, 2019-06-14T11:25:21.000Z
40.847671, 14.052652, 102, 2019-06-14T11:25:21.000Z
40.847671, 14.052652, 91, 2019-06-14T11:25:21.000Z
40.847671, 14.052652, 109, 2019-06-14T11:25:21.000Z
40.847671, 14.052652, 107, 2019-06-14T11:25:21.000Z
40.847671, 14.052652, 100, 2019-06-14T11:25:21.000Z
40.847671, 14.052652, 92, 2019-06-14T11:25:21.000Z
40.847671, 14.052652, 109, 2019-06-14T11:25:21.000Z
40.847671, 14.052652, 97, 2019-06-14T11:25:21.000Z
40.847671, 14.052652, 103, 2019-06-14T11:25:21.000Z
40.847671, 14.052652, 107, 2019-06-14T11:25:21.000Z
40.847671, 14.052652, 94, 2019-06-14T11:25:21.000Z
40.847671, 14.052652, 100, 2019-06-14T11:25:21.000Z
40.847671, 14.052652, 100, 2019-06-14T11:25:21.000Z
40.847671, 14.052652, 102, 2019-06-14T11:25:21.000Z
40.847671, 14.052652, 87, 2019-06-14T11:25:21.000Z
40.847671, 14.052652, 100, 2019-06-14T11:25:21.000Z
40.847671, 14.052652, 107, 2019-06-14T11:25:21.000Z
40.847671, 14.052652, 99, 2019-06-14T11:25:21.000Z
40.847671, 14.052652, 99, 2019-06-14T11:25:21.000Z
40.847671, 14.052652, 103, 2019-06-14T11:25:21.000Z
40.847671, 14.052652, 97, 2019-06-14T11:25:21.000Z
40.847671, 14.052652, 98, 2019-06-14T11:25:21.000Z
40.847671, 14.052652, 94, 2019-06-14T11:25:21.000Z
40.847671, 14.052652, 110, 2019-06-14T11:25:21.000Z
40.847671, 14.052652, 108, 2019-06-14T11:25:21.000Z
40.847671, 14.052652, 103, 2019-06-14T11:25:21.000Z
40.847671, 14.052652, 105, 2019-06-14T11:25:21.000Z
40.847671, 14.052652, 103, 2019-06-14T11:25:21.000Z
40.847671, 14.052652, 96, 2019-06-14T11:25:21.000Z
40.847671, 14.052652, 92, 2019-06-14T11:25:21.000Z
40.847671, 14.052652, 99, 2019-06-14T11:25:21.000Z
40.847671, 14.052652, 101, 2019-06-14T11:25:21.000Z
