40.836406, 14.079241, 00, 2019-06-14T13:44:26.000Z
40.836406, 14.079241, 100, 2019-06-14T13:44:26.000Z
40.836406, 14.079241, 95, 2019-06-14T13:44:26.000Z
40.836406, 14.079241, 111, 2019-06-14T13:44:26.000Z
40.836406, 14.079241, 103, 2019-06-14T13:44:26.000Z
40.836406, 14.079241, 97, 2019-06-14T13:44:26.000Z
40.836406, 14.079241, 86, 2019-06-14T13:44:26.000Z
40.836406, 14.079241, 114, 2019-06-14T13:44:26.000Z
40.836406, 14.079241, 105, 2019-06-14T13:44:26.000Z
40.836406, 14.079241, 108, 2019-06-14T13:44:26.000Z
40.836406, 14.079241, 104, 2019-06-14T13:44:26.000Z
40.836406, 14.079241, 101, 2019-06-14T13:44:26.000Z
40.836406, 14.079241, 101, 2019-06-14T13:44:26.000Z
40.836406, 14.079241, 97, 2019-06-14T13:44:26.000Z
40.836406, 14.079241, 102, 2019-06-14T13:44:26.000Z
40.836406, 14.079241, 97, 2019-06-14T13:44:26.000Z
40.836406, 14.079241, 100, 2019-06-14T13:44:26.000Z
40.836406, 14.079241, 101, 2019-06-14T13:44:26.000Z
40.836406, 14.079241, 102, 2019-06-14T13:44:26.000Z
40.836406, 14.079241, 91, 2019-06-14T13:44:26.000Z
40.836406, 14.079241, 100, 2019-06-14T13:44:26.000Z
40.836406, 14.079241, 99, 2019-06-14T13:44:26.000Z
40.836406, 14.079241, 107, 2019-06-14T13:44:26.000Z
40.836406, 14.079241, 112, 2019-06-14T13:44:26.000Z
40.836406, 14.079241, 96, 2019-06-14T13:44:26.000Z
40.836406, 14.079241, 100, 2019-06-14T13:44:26.000Z
40.836406, 14.079241, 96, 2019-06-14T13:44:26.000Z
40.836406, 14.079241, 95, 2019-06-14T13:44:26.000Z
40.836406, 14.079241, 100, 2019-06-14T13:44:26.000Z
40.836406, 14.079241, 100, 2019-06-14T13:44:26.000Z
40.836406, 14.079241, 97, 2019-06-14T13:44:26.000Z
40.836406, 14.079241, 109, 2019-06-14T13:44:26.000Z
40.836406, 14.079241, 95, 2019-06-14T13:44:26.000Z
40.836406, 14.079241, 99, 2019-06-14T13:44:26.000Z
40.836406, 14.079241, 90, 2019-06-14T13:44:26.000Z
40.836406, 14.079241, 84, 2019-06-14T13:44:26.000Z
40.836406, 14.079241, 95, 2019-06-14T13:44:26.000Z
40.836406, 14.079241, 98, 2019-06-14T13:44:26.000Z
40.836406, 14.079241, 105, 2019-06-14T13:44:26.000Z
40.836406, 14.079241, 97, 2019-06-14T13:44:26.000Z
40.836406, 14.079241, 98, 2019-06-14T13:44:26.000Z
40.836406, 14.079241, 98, 2019-06-14T13:44:26.000Z
40.836406, 14.079241, 108, 2019-06-14T13:44:26.000Z
40.836406, 14.079241, 87, 2019-06-14T13:44:26.000Z
40.836406, 14.079241, 94, 2019-06-14T13:44:26.000Z
40.836406, 14.079241, 93, 2019-06-14T13:44:26.000Z
40.836406, 14.079241, 92, 2019-06-14T13:44:26.000Z
40.836406, 14.079241, 106, 2019-06-14T13:44:26.000Z
40.836406, 14.079241, 101, 2019-06-14T13:44:26.000Z
40.836406, 14.079241, 96, 2019-06-14T13:44:26.000Z
40.836406, 14.079241, 92, 2019-06-14T13:44:26.000Z
40.836406, 14.079241, 99, 2019-06-14T13:44:26.000Z
40.836406, 14.079241, 108, 2019-06-14T13:44:26.000Z
40.836406, 14.079241, 97, 2019-06-14T13:44:26.000Z
40.836406, 14.079241, 104, 2019-06-14T13:44:26.000Z
40.836406, 14.079241, 105, 2019-06-14T13:44:26.000Z
40.836406, 14.079241, 89, 2019-06-14T13:44:26.000Z
40.836406, 14.079241, 92, 2019-06-14T13:44:26.000Z
40.836406, 14.079241, 102, 2019-06-14T13:44:26.000Z
40.836406, 14.079241, 101, 2019-06-14T13:44:26.000Z
40.836406, 14.079241, 96, 2019-06-14T13:44:26.000Z
40.836406, 14.079241, 105, 2019-06-14T13:44:26.000Z
40.836406, 14.079241, 106, 2019-06-14T13:44:26.000Z
40.836406, 14.079241, 115, 2019-06-14T13:44:26.000Z
40.836406, 14.079241, 95, 2019-06-14T13:44:26.000Z
40.836406, 14.079241, 101, 2019-06-14T13:44:26.000Z
40.836406, 14.079241, 101, 2019-06-14T13:44:26.000Z
40.836406, 14.079241, 94, 2019-06-14T13:44:26.000Z
40.836406, 14.079241, 110, 2019-06-14T13:44:26.000Z
40.836406, 14.079241, 104, 2019-06-14T13:44:26.000Z
40.836406, 14.079241, 109, 2019-06-14T13:44:26.000Z
40.836406, 14.079241, 102, 2019-06-14T13:44:26.000Z
40.836406, 14.079241, 99, 2019-06-14T13:44:26.000Z
40.836406, 14.079241, 101, 2019-06-14T13:44:26.000Z
40.836406, 14.079241, 102, 2019-06-14T13:44:26.000Z
40.836406, 14.079241, 114, 2019-06-14T13:44:26.000Z
40.836406, 14.079241, 112, 2019-06-14T13:44:26.000Z
40.836406, 14.079241, 97, 2019-06-14T13:44:26.000Z
40.836406, 14.079241, 95, 2019-06-14T13:44:26.000Z
40.836406, 14.079241, 105, 2019-06-14T13:44:26.000Z
40.836406, 14.079241, 93, 2019-06-14T13:44:26.000Z
40.836406, 14.079241, 102, 2019-06-14T13:44:26.000Z
40.836406, 14.079241, 108, 2019-06-14T13:44:26.000Z
40.836406, 14.079241, 108, 2019-06-14T13:44:26.000Z
40.836406, 14.079241, 109, 2019-06-14T13:44:26.000Z
40.836406, 14.079241, 117, 2019-06-14T13:44:26.000Z
40.836406, 14.079241, 102, 2019-06-14T13:44:26.000Z
40.836406, 14.079241, 107, 2019-06-14T13:44:26.000Z
40.836406, 14.079241, 97, 2019-06-14T13:44:26.000Z
40.836406, 14.079241, 96, 2019-06-14T13:44:26.000Z
40.836406, 14.079241, 92, 2019-06-14T13:44:26.000Z
40.836406, 14.079241, 105, 2019-06-14T13:44:26.000Z
40.836406, 14.079241, 96, 2019-06-14T13:44:26.000Z
40.836406, 14.079241, 93, 2019-06-14T13:44:26.000Z
40.836406, 14.079241, 95, 2019-06-14T13:44:26.000Z
40.836406, 14.079241, 103, 2019-06-14T13:44:26.000Z
40.836406, 14.079241, 90, 2019-06-14T13:44:26.000Z
40.836406, 14.079241, 98, 2019-06-14T13:44:26.000Z
40.836406, 14.079241, 96, 2019-06-14T13:44:26.000Z
40.836406, 14.079241, 107, 2019-06-14T13:44:26.000Z
40.836406, 14.079241, 92, 2019-06-14T13:44:26.000Z
40.836406, 14.079241, 104, 2019-06-14T13:44:26.000Z
40.836406, 14.079241, 110, 2019-06-14T13:44:26.000Z
40.836406, 14.079241, 92, 2019-06-14T13:44:26.000Z
40.836406, 14.079241, 92, 2019-06-14T13:44:26.000Z
40.836406, 14.079241, 100, 2019-06-14T13:44:26.000Z
40.836406, 14.079241, 108, 2019-06-14T13:44:26.000Z
40.836406, 14.079241, 106, 2019-06-14T13:44:26.000Z
40.836406, 14.079241, 95, 2019-06-14T13:44:26.000Z
40.836406, 14.079241, 104, 2019-06-14T13:44:26.000Z
40.836406, 14.079241, 89, 2019-06-14T13:44:26.000Z
40.836406, 14.079241, 99, 2019-06-14T13:44:26.000Z
40.836406, 14.079241, 99, 2019-06-14T13:44:26.000Z
40.836406, 14.079241, 112, 2019-06-14T13:44:26.000Z
40.836406, 14.079241, 100, 2019-06-14T13:44:26.000Z
40.836406, 14.079241, 95, 2019-06-14T13:44:26.000Z
40.836406, 14.079241, 108, 2019-06-14T13:44:26.000Z
40.836406, 14.079241, 104, 2019-06-14T13:44:26.000Z
40.836406, 14.079241, 100, 2019-06-14T13:44:26.000Z
40.836406, 14.079241, 102, 2019-06-14T13:44:26.000Z
40.836406, 14.079241, 111, 2019-06-14T13:44:26.000Z
40.836406, 14.079241, 88, 2019-06-14T13:44:26.000Z
40.836406, 14.079241, 110, 2019-06-14T13:44:26.000Z
40.836406, 14.079241, 106, 2019-06-14T13:44:26.000Z
40.836406, 14.079241, 95, 2019-06-14T13:44:26.000Z
40.836406, 14.079241, 95, 2019-06-14T13:44:26.000Z
40.836406, 14.079241, 88, 2019-06-14T13:44:26.000Z
40.836406, 14.079241, 95, 2019-06-14T13:44:26.000Z
40.836406, 14.079241, 97, 2019-06-14T13:44:26.000Z
40.836406, 14.079241, 95, 2019-06-14T13:44:26.000Z
40.836406, 14.079241, 87, 2019-06-14T13:44:26.000Z
40.836406, 14.079241, 93, 2019-06-14T13:44:26.000Z
40.836406, 14.079241, 103, 2019-06-14T13:44:26.000Z
40.836406, 14.079241, 92, 2019-06-14T13:44:26.000Z
40.836406, 14.079241, 102, 2019-06-14T13:44:26.000Z
40.836406, 14.079241, 114, 2019-06-14T13:44:26.000Z
40.836406, 14.079241, 93, 2019-06-14T13:44:26.000Z
40.836406, 14.079241, 90, 2019-06-14T13:44:26.000Z
40.836406, 14.079241, 89, 2019-06-14T13:44:26.000Z
40.836406, 14.079241, 100, 2019-06-14T13:44:26.000Z
40.836406, 14.079241, 97, 2019-06-14T13:44:26.000Z
40.836406, 14.079241, 95, 2019-06-14T13:44:26.000Z
40.836406, 14.079241, 110, 2019-06-14T13:44:26.000Z
40.836406, 14.079241, 100, 2019-06-14T13:44:26.000Z
40.836406, 14.079241, 108, 2019-06-14T13:44:26.000Z
40.836406, 14.079241, 100, 2019-06-14T13:44:26.000Z
40.836406, 14.079241, 97, 2019-06-14T13:44:26.000Z
40.836406, 14.079241, 104, 2019-06-14T13:44:26.000Z
40.836406, 14.079241, 89, 2019-06-14T13:44:26.000Z
40.836406, 14.079241, 102, 2019-06-14T13:44:26.000Z
40.836406, 14.079241, 89, 2019-06-14T13:44:26.000Z
40.836406, 14.079241, 93, 2019-06-14T13:44:26.000Z
40.836406, 14.079241, 108, 2019-06-14T13:44:26.000Z
40.836406, 14.079241, 94, 2019-06-14T13:44:26.000Z
40.836406, 14.079241, 96, 2019-06-14T13:44:26.000Z
40.836406, 14.079241, 105, 2019-06-14T13:44:26.000Z
40.836406, 14.079241, 97, 2019-06-14T13:44:26.000Z
40.836406, 14.079241, 105, 2019-06-14T13:44:26.000Z
40.836406, 14.079241, 115, 2019-06-14T13:44:26.000Z
40.836406, 14.079241, 112, 2019-06-14T13:44:26.000Z
40.836406, 14.079241, 105, 2019-06-14T13:44:26.000Z
40.836406, 14.079241, 102, 2019-06-14T13:44:26.000Z
40.836406, 14.079241, 98, 2019-06-14T13:44:26.000Z
40.836406, 14.079241, 93, 2019-06-14T13:44:26.000Z
40.836406, 14.079241, 90, 2019-06-14T13:44:26.000Z
40.836406, 14.079241, 98, 2019-06-14T13:44:26.000Z
40.836406, 14.079241, 111, 2019-06-14T13:44:26.000Z
40.836406, 14.079241, 101, 2019-06-14T13:44:26.000Z
40.836406, 14.079241, 107, 2019-06-14T13:44:26.000Z
40.836406, 14.079241, 94, 2019-06-14T13:44:26.000Z
40.836406, 14.079241, 98, 2019-06-14T13:44:26.000Z
40.836406, 14.079241, 100, 2019-06-14T13:44:26.000Z
40.836406, 14.079241, 106, 2019-06-14T13:44:26.000Z
40.836406, 14.079241, 102, 2019-06-14T13:44:26.000Z
40.836406, 14.079241, 108, 2019-06-14T13:44:26.000Z
40.836406, 14.079241, 97, 2019-06-14T13:44:26.000Z
40.836406, 14.079241, 108, 2019-06-14T13:44:26.000Z
40.836406, 14.079241, 110, 2019-06-14T13:44:26.000Z
40.836406, 14.079241, 94, 2019-06-14T13:44:26.000Z
40.836406, 14.079241, 98, 2019-06-14T13:44:26.000Z
40.836406, 14.079241, 106, 2019-06-14T13:44:26.000Z
40.836406, 14.079241, 94, 2019-06-14T13:44:26.000Z
40.836406, 14.079241, 89, 2019-06-14T13:44:26.000Z
40.836406, 14.079241, 102, 2019-06-14T13:44:26.000Z
40.836406, 14.079241, 104, 2019-06-14T13:44:26.000Z
40.836406, 14.079241, 85, 2019-06-14T13:44:26.000Z
40.836406, 14.079241, 103, 2019-06-14T13:44:26.000Z
40.836406, 14.079241, 94, 2019-06-14T13:44:26.000Z
40.836406, 14.079241, 96, 2019-06-14T13:44:26.000Z
40.836406, 14.079241, 104, 2019-06-14T13:44:26.000Z
40.836406, 14.079241, 101, 2019-06-14T13:44:26.000Z
40.836406, 14.079241, 101, 2019-06-14T13:44:26.000Z
40.836406, 14.079241, 103, 2019-06-14T13:44:26.000Z
40.836406, 14.079241, 89, 2019-06-14T13:44:26.000Z
40.836406, 14.079241, 100, 2019-06-14T13:44:26.000Z
40.836406, 14.079241, 96, 2019-06-14T13:44:26.000Z
40.836406, 14.079241, 103, 2019-06-14T13:44:26.000Z
40.836406, 14.079241, 99, 2019-06-14T13:44:26.000Z
40.836406, 14.079241, 98, 2019-06-14T13:44:26.000Z
40.836406, 14.079241, 97, 2019-06-14T13:44:26.000Z
40.836406, 14.079241, 100, 2019-06-14T13:44:26.000Z
40.836406, 14.079241, 98, 2019-06-14T13:44:26.000Z
40.836406, 14.079241, 111, 2019-06-14T13:44:26.000Z
40.836406, 14.079241, 103, 2019-06-14T13:44:26.000Z
40.836406, 14.079241, 106, 2019-06-14T13:44:26.000Z
40.836406, 14.079241, 105, 2019-06-14T13:44:26.000Z
40.836406, 14.079241, 87, 2019-06-14T13:44:26.000Z
40.836406, 14.079241, 100, 2019-06-14T13:44:26.000Z
40.836406, 14.079241, 92, 2019-06-14T13:44:26.000Z
40.836406, 14.079241, 98, 2019-06-14T13:44:26.000Z
40.836406, 14.079241, 105, 2019-06-14T13:44:26.000Z
40.836406, 14.079241, 100, 2019-06-14T13:44:26.000Z
40.836406, 14.079241, 112, 2019-06-14T13:44:26.000Z
40.836406, 14.079241, 84, 2019-06-14T13:44:26.000Z
40.836406, 14.079241, 98, 2019-06-14T13:44:26.000Z
40.836406, 14.079241, 98, 2019-06-14T13:44:26.000Z
40.836406, 14.079241, 108, 2019-06-14T13:44:26.000Z
40.836406, 14.079241, 96, 2019-06-14T13:44:26.000Z
40.836406, 14.079241, 98, 2019-06-14T13:44:26.000Z
40.836406, 14.079241, 97, 2019-06-14T13:44:26.000Z
40.836406, 14.079241, 107, 2019-06-14T13:44:26.000Z
40.836406, 14.079241, 103, 2019-06-14T13:44:26.000Z
40.836406, 14.079241, 95, 2019-06-14T13:44:26.000Z
40.836406, 14.079241, 88, 2019-06-14T13:44:26.000Z
40.836406, 14.079241, 104, 2019-06-14T13:44:26.000Z
40.836406, 14.079241, 89, 2019-06-14T13:44:26.000Z
40.836406, 14.079241, 103, 2019-06-14T13:44:26.000Z
40.836406, 14.079241, 96, 2019-06-14T13:44:26.000Z
40.836406, 14.079241, 100, 2019-06-14T13:44:26.000Z
40.836406, 14.079241, 99, 2019-06-14T13:44:26.000Z
40.836406, 14.079241, 106, 2019-06-14T13:44:26.000Z
40.836406, 14.079241, 101, 2019-06-14T13:44:26.000Z
40.836406, 14.079241, 94, 2019-06-14T13:44:26.000Z
40.836406, 14.079241, 110, 2019-06-14T13:44:26.000Z
40.836406, 14.079241, 101, 2019-06-14T13:44:26.000Z
40.836406, 14.079241, 98, 2019-06-14T13:44:26.000Z
40.836406, 14.079241, 111, 2019-06-14T13:44:26.000Z
40.836406, 14.079241, 98, 2019-06-14T13:44:26.000Z
40.836406, 14.079241, 97, 2019-06-14T13:44:26.000Z
40.836406, 14.079241, 101, 2019-06-14T13:44:26.000Z
40.836406, 14.079241, 90, 2019-06-14T13:44:26.000Z
40.836406, 14.079241, 91, 2019-06-14T13:44:26.000Z
40.836406, 14.079241, 120, 2019-06-14T13:44:26.000Z
40.836406, 14.079241, 95, 2019-06-14T13:44:26.000Z
40.836406, 14.079241, 98, 2019-06-14T13:44:26.000Z
40.836406, 14.079241, 101, 2019-06-14T13:44:26.000Z
40.836406, 14.079241, 108, 2019-06-14T13:44:26.000Z
40.836406, 14.079241, 108, 2019-06-14T13:44:26.000Z
40.836406, 14.079241, 99, 2019-06-14T13:44:26.000Z
40.836406, 14.079241, 87, 2019-06-14T13:44:26.000Z
40.836406, 14.079241, 101, 2019-06-14T13:44:26.000Z
40.836406, 14.079241, 96, 2019-06-14T13:44:26.000Z
40.836406, 14.079241, 93, 2019-06-14T13:44:26.000Z
40.836406, 14.079241, 99, 2019-06-14T13:44:26.000Z
40.836406, 14.079241, 101, 2019-06-14T13:44:26.000Z
40.836406, 14.079241, 96, 2019-06-14T13:44:26.000Z
40.836406, 14.079241, 90, 2019-06-14T13:44:26.000Z
40.836406, 14.079241, 90, 2019-06-14T13:44:26.000Z
40.836406, 14.079241, 107, 2019-06-14T13:44:26.000Z
40.836406, 14.079241, 95, 2019-06-14T13:44:26.000Z
40.836406, 14.079241, 102, 2019-06-14T13:44:26.000Z
40.836406, 14.079241, 92, 2019-06-14T13:44:26.000Z
40.836406, 14.079241, 95, 2019-06-14T13:44:26.000Z
40.836406, 14.079241, 104, 2019-06-14T13:44:26.000Z
40.836406, 14.079241, 103, 2019-06-14T13:44:26.000Z
40.836406, 14.079241, 96, 2019-06-14T13:44:26.000Z
40.836406, 14.079241, 104, 2019-06-14T13:44:26.000Z
40.836406, 14.079241, 93, 2019-06-14T13:44:26.000Z
40.836406, 14.079241, 98, 2019-06-14T13:44:26.000Z
40.836406, 14.079241, 98, 2019-06-14T13:44:26.000Z
40.836406, 14.079241, 101, 2019-06-14T13:44:26.000Z
40.836406, 14.079241, 102, 2019-06-14T13:44:26.000Z
40.836406, 14.079241, 108, 2019-06-14T13:44:26.000Z
40.836406, 14.079241, 94, 2019-06-14T13:44:26.000Z
40.836406, 14.079241, 90, 2019-06-14T13:44:26.000Z
40.836406, 14.079241, 105, 2019-06-14T13:44:26.000Z
40.836406, 14.079241, 101, 2019-06-14T13:44:26.000Z
40.836406, 14.079241, 101, 2019-06-14T13:44:26.000Z
40.836406, 14.079241, 108, 2019-06-14T13:44:26.000Z
40.836406, 14.079241, 99, 2019-06-14T13:44:26.000Z
40.836406, 14.079241, 95, 2019-06-14T13:44:26.000Z
40.836406, 14.079241, 93, 2019-06-14T13:44:26.000Z
40.836406, 14.079241, 90, 2019-06-14T13:44:26.000Z
40.836406, 14.079241, 104, 2019-06-14T13:44:26.000Z
40.836406, 14.079241, 97, 2019-06-14T13:44:26.000Z
40.836406, 14.079241, 115, 2019-06-14T13:44:26.000Z
40.836406, 14.079241, 94, 2019-06-14T13:44:26.000Z
40.836406, 14.079241, 93, 2019-06-14T13:44:26.000Z
40.836406, 14.079241, 108, 2019-06-14T13:44:26.000Z
40.836406, 14.079241, 99, 2019-06-14T13:44:26.000Z
40.836406, 14.079241, 96, 2019-06-14T13:44:26.000Z
40.836406, 14.079241, 87, 2019-06-14T13:44:26.000Z
40.836406, 14.079241, 107, 2019-06-14T13:44:26.000Z
40.836406, 14.079241, 103, 2019-06-14T13:44:26.000Z
40.836406, 14.079241, 110, 2019-06-14T13:44:26.000Z
40.836406, 14.079241, 106, 2019-06-14T13:44:26.000Z
40.836406, 14.079241, 89, 2019-06-14T13:44:26.000Z
40.836406, 14.079241, 94, 2019-06-14T13:44:26.000Z
40.836406, 14.079241, 99, 2019-06-14T13:44:26.000Z
40.836406, 14.079241, 95, 2019-06-14T13:44:26.000Z
40.836406, 14.079241, 109, 2019-06-14T13:44:26.000Z
40.836406, 14.079241, 103, 2019-06-14T13:44:26.000Z
40.836406, 14.079241, 115, 2019-06-14T13:44:26.000Z
40.836406, 14.079241, 100, 2019-06-14T13:44:26.000Z
40.836406, 14.079241, 97, 2019-06-14T13:44:26.000Z
40.836406, 14.079241, 92, 2019-06-14T13:44:26.000Z
40.836406, 14.079241, 97, 2019-06-14T13:44:26.000Z
40.836406, 14.079241, 104, 2019-06-14T13:44:26.000Z
40.836406, 14.079241, 99, 2019-06-14T13:44:26.000Z
40.836406, 14.079241, 107, 2019-06-14T13:44:26.000Z
40.836406, 14.079241, 93, 2019-06-14T13:44:26.000Z
40.836406, 14.079241, 105, 2019-06-14T13:44:26.000Z
40.836406, 14.079241, 117, 2019-06-14T13:44:26.000Z
40.836406, 14.079241, 108, 2019-06-14T13:44:26.000Z
40.836406, 14.079241, 95, 2019-06-14T13:44:26.000Z
40.836406, 14.079241, 99, 2019-06-14T13:44:26.000Z
40.836406, 14.079241, 92, 2019-06-14T13:44:26.000Z
40.836406, 14.079241, 101, 2019-06-14T13:44:26.000Z
40.836406, 14.079241, 100, 2019-06-14T13:44:26.000Z
40.836406, 14.079241, 101, 2019-06-14T13:44:26.000Z
40.836406, 14.079241, 90, 2019-06-14T13:44:26.000Z
40.836406, 14.079241, 104, 2019-06-14T13:44:26.000Z
40.836406, 14.079241, 102, 2019-06-14T13:44:26.000Z
40.836406, 14.079241, 121, 2019-06-14T13:44:26.000Z
40.836406, 14.079241, 117, 2019-06-14T13:44:26.000Z
40.836406, 14.079241, 106, 2019-06-14T13:44:26.000Z
40.836406, 14.079241, 93, 2019-06-14T13:44:26.000Z
40.836406, 14.079241, 92, 2019-06-14T13:44:26.000Z
40.836406, 14.079241, 105, 2019-06-14T13:44:26.000Z
40.836406, 14.079241, 100, 2019-06-14T13:44:26.000Z
40.836406, 14.079241, 111, 2019-06-14T13:44:26.000Z
40.836406, 14.079241, 106, 2019-06-14T13:44:26.000Z
40.836406, 14.079241, 105, 2019-06-14T13:44:26.000Z
40.836406, 14.079241, 101, 2019-06-14T13:44:26.000Z
40.836406, 14.079241, 101, 2019-06-14T13:44:26.000Z
40.836406, 14.079241, 113, 2019-06-14T13:44:26.000Z
40.836406, 14.079241, 110, 2019-06-14T13:44:26.000Z
40.836406, 14.079241, 95, 2019-06-14T13:44:26.000Z
40.836406, 14.079241, 107, 2019-06-14T13:44:26.000Z
40.836406, 14.079241, 102, 2019-06-14T13:44:26.000Z
40.836406, 14.079241, 89, 2019-06-14T13:44:26.000Z
40.836406, 14.079241, 98, 2019-06-14T13:44:26.000Z
40.836406, 14.079241, 97, 2019-06-14T13:44:26.000Z
40.836406, 14.079241, 101, 2019-06-14T13:44:26.000Z
40.836406, 14.079241, 93, 2019-06-14T13:44:26.000Z
40.836406, 14.079241, 92, 2019-06-14T13:44:26.000Z
40.836406, 14.079241, 107, 2019-06-14T13:44:26.000Z
40.836406, 14.079241, 110, 2019-06-14T13:44:26.000Z
40.836406, 14.079241, 97, 2019-06-14T13:44:26.000Z
40.836406, 14.079241, 108, 2019-06-14T13:44:26.000Z
40.836406, 14.079241, 101, 2019-06-14T13:44:26.000Z
40.836406, 14.079241, 94, 2019-06-14T13:44:26.000Z
40.836406, 14.079241, 98, 2019-06-14T13:44:26.000Z
40.836406, 14.079241, 99, 2019-06-14T13:44:26.000Z
40.836406, 14.079241, 110, 2019-06-14T13:44:26.000Z
40.836406, 14.079241, 106, 2019-06-14T13:44:26.000Z
40.836406, 14.079241, 103, 2019-06-14T13:44:26.000Z
40.836406, 14.079241, 112, 2019-06-14T13:44:26.000Z
40.836406, 14.079241, 112, 2019-06-14T13:44:26.000Z
40.836406, 14.079241, 109, 2019-06-14T13:44:26.000Z
40.836406, 14.079241, 103, 2019-06-14T13:44:26.000Z
40.836406, 14.079241, 102, 2019-06-14T13:44:26.000Z
40.836406, 14.079241, 103, 2019-06-14T13:44:26.000Z
40.836406, 14.079241, 108, 2019-06-14T13:44:26.000Z
40.836406, 14.079241, 93, 2019-06-14T13:44:26.000Z
40.836406, 14.079241, 102, 2019-06-14T13:44:26.000Z
40.836406, 14.079241, 101, 2019-06-14T13:44:26.000Z
40.836406, 14.079241, 107, 2019-06-14T13:44:26.000Z
40.836406, 14.079241, 88, 2019-06-14T13:44:26.000Z
40.836406, 14.079241, 105, 2019-06-14T13:44:26.000Z
40.836406, 14.079241, 88, 2019-06-14T13:44:26.000Z
40.836406, 14.079241, 97, 2019-06-14T13:44:26.000Z
40.836406, 14.079241, 99, 2019-06-14T13:44:26.000Z
40.836406, 14.079241, 96, 2019-06-14T13:44:26.000Z
40.836406, 14.079241, 106, 2019-06-14T13:44:26.000Z
40.836406, 14.079241, 93, 2019-06-14T13:44:26.000Z
40.836406, 14.079241, 104, 2019-06-14T13:44:26.000Z
40.836406, 14.079241, 93, 2019-06-14T13:44:26.000Z
40.836406, 14.079241, 96, 2019-06-14T13:44:26.000Z
40.836406, 14.079241, 106, 2019-06-14T13:44:26.000Z
40.836406, 14.079241, 97, 2019-06-14T13:44:26.000Z
40.836406, 14.079241, 94, 2019-06-14T13:44:26.000Z
40.836406, 14.079241, 100, 2019-06-14T13:44:26.000Z
40.836406, 14.079241, 109, 2019-06-14T13:44:26.000Z
40.836406, 14.079241, 93, 2019-06-14T13:44:26.000Z
40.836406, 14.079241, 108, 2019-06-14T13:44:26.000Z
40.836406, 14.079241, 93, 2019-06-14T13:44:26.000Z
40.836406, 14.079241, 93, 2019-06-14T13:44:26.000Z
40.836406, 14.079241, 98, 2019-06-14T13:44:26.000Z
40.836406, 14.079241, 91, 2019-06-14T13:44:26.000Z
40.836406, 14.079241, 89, 2019-06-14T13:44:26.000Z
40.836406, 14.079241, 85, 2019-06-14T13:44:26.000Z
40.836406, 14.079241, 102, 2019-06-14T13:44:26.000Z
40.836406, 14.079241, 107, 2019-06-14T13:44:26.000Z
40.836406, 14.079241, 94, 2019-06-14T13:44:26.000Z
40.836406, 14.079241, 95, 2019-06-14T13:44:26.000Z
40.836406, 14.079241, 104, 2019-06-14T13:44:26.000Z
40.836406, 14.079241, 93, 2019-06-14T13:44:26.000Z
40.836406, 14.079241, 90, 2019-06-14T13:44:26.000Z
40.836406, 14.079241, 100, 2019-06-14T13:44:26.000Z
40.836406, 14.079241, 110, 2019-06-14T13:44:26.000Z
40.836406, 14.079241, 102, 2019-06-14T13:44:26.000Z
40.836406, 14.079241, 113, 2019-06-14T13:44:26.000Z
40.836406, 14.079241, 102, 2019-06-14T13:44:26.000Z
40.836406, 14.079241, 108, 2019-06-14T13:44:26.000Z
40.836406, 14.079241, 99, 2019-06-14T13:44:26.000Z
40.836406, 14.079241, 111, 2019-06-14T13:44:26.000Z
40.836406, 14.079241, 92, 2019-06-14T13:44:26.000Z
40.836406, 14.079241, 102, 2019-06-14T13:44:26.000Z
40.836406, 14.079241, 93, 2019-06-14T13:44:26.000Z
40.836406, 14.079241, 99, 2019-06-14T13:44:26.000Z
40.836406, 14.079241, 116, 2019-06-14T13:44:26.000Z
40.836406, 14.079241, 108, 2019-06-14T13:44:26.000Z
40.836406, 14.079241, 99, 2019-06-14T13:44:26.000Z
40.836406, 14.079241, 102, 2019-06-14T13:44:26.000Z
40.836406, 14.079241, 108, 2019-06-14T13:44:26.000Z
40.836406, 14.079241, 117, 2019-06-14T13:44:26.000Z
40.836406, 14.079241, 85, 2019-06-14T13:44:26.000Z
40.836406, 14.079241, 98, 2019-06-14T13:44:26.000Z
40.836406, 14.079241, 106, 2019-06-14T13:44:26.000Z
40.836406, 14.079241, 106, 2019-06-14T13:44:26.000Z
40.836406, 14.079241, 96, 2019-06-14T13:44:26.000Z
40.836406, 14.079241, 100, 2019-06-14T13:44:26.000Z
40.836406, 14.079241, 100, 2019-06-14T13:44:26.000Z
40.836406, 14.079241, 92, 2019-06-14T13:44:26.000Z
40.836406, 14.079241, 105, 2019-06-14T13:44:26.000Z
40.836406, 14.079241, 90, 2019-06-14T13:44:26.000Z
40.836406, 14.079241, 98, 2019-06-14T13:44:26.000Z
40.836406, 14.079241, 100, 2019-06-14T13:44:26.000Z
40.836406, 14.079241, 101, 2019-06-14T13:44:26.000Z
40.836406, 14.079241, 94, 2019-06-14T13:44:26.000Z
40.836406, 14.079241, 103, 2019-06-14T13:44:26.000Z
40.836406, 14.079241, 99, 2019-06-14T13:44:26.000Z
40.836406, 14.079241, 100, 2019-06-14T13:44:26.000Z
40.836406, 14.079241, 90, 2019-06-14T13:44:26.000Z
40.836406, 14.079241, 106, 2019-06-14T13:44:26.000Z
40.836406, 14.079241, 103, 2019-06-14T13:44:26.000Z
40.836406, 14.079241, 103, 2019-06-14T13:44:26.000Z
40.836406, 14.079241, 95, 2019-06-14T13:44:26.000Z
40.836406, 14.079241, 98, 2019-06-14T13:44:26.000Z
40.836406, 14.079241, 95, 2019-06-14T13:44:26.000Z
40.836406, 14.079241, 104, 2019-06-14T13:44:26.000Z
40.836406, 14.079241, 111, 2019-06-14T13:44:26.000Z
40.836406, 14.079241, 102, 2019-06-14T13:44:26.000Z
40.836406, 14.079241, 99, 2019-06-14T13:44:26.000Z
40.836406, 14.079241, 101, 2019-06-14T13:44:26.000Z
40.836406, 14.079241, 103, 2019-06-14T13:44:26.000Z
40.836406, 14.079241, 105, 2019-06-14T13:44:26.000Z
40.836406, 14.079241, 103, 2019-06-14T13:44:26.000Z
40.836406, 14.079241, 95, 2019-06-14T13:44:26.000Z
40.836406, 14.079241, 96, 2019-06-14T13:44:26.000Z
40.836406, 14.079241, 101, 2019-06-14T13:44:26.000Z
40.836406, 14.079241, 112, 2019-06-14T13:44:26.000Z
40.836406, 14.079241, 108, 2019-06-14T13:44:26.000Z
40.836406, 14.079241, 87, 2019-06-14T13:44:26.000Z
