762,30.61
762,30.64
762,30.68
762,30.71
762,30.75
762,30.78
762,30.78
762,30.78
762,30.85
762,30.85
762,30.85
762,30.85
762,30.85
762,30.88
762,30.91
762,30.91
762,30.95
762,30.98
762,31.02
762,30.98
762,31.05
762,31.02
762,31.05
762,31.05
762,31.05
762,31.08
762,31.08
762,31.08
762,31.12
762,31.12
762,31.12
762,31.15
762,31.15
762,31.12
762,31.19
762,31.15
762,31.19
762,31.19
762,31.19
762,31.22
762,31.19
762,31.25
762,31.25
762,31.25
762,31.25
762,31.29
762,31.29
762,31.29
762,31.29
762,31.29
762,31.29
762,31.32
762,31.29
762,31.29
762,31.32
762,31.32
762,31.32
762,31.36
762,31.36
762,31.32
762,31.36
762,31.36
762,31.36
762,31.36
762,31.36
762,31.39
762,31.36
762,31.36
762,31.36
762,31.36
762,31.36
762,31.36
762,31.36
762,31.36
762,31.36
762,31.36
762,31.39
762,31.39
762,31.36
762,31.39
762,31.36
762,31.36
762,31.36
762,31.36
762,31.36
762,31.39
762,31.36
762,31.36
762,31.36
762,31.36
762,31.39
762,31.36
762,31.36
762,31.36
762,31.39
762,31.36
762,31.39
762,31.39
762,31.39
762,31.39
762,31.36
762,31.42
762,31.42
762,31.39
762,31.42
762,31.42
762,31.42
762,31.42
762,31.42
762,31.42
762,31.46
762,31.46
762,31.46
762,31.46
762,31.46
762,31.49
762,31.49
762,31.46
762,31.49
762,31.49
762,31.49
762,31.52
762,31.52
762,31.52
762,31.52
762,31.52
762,31.49
762,31.49
762,31.52
762,31.52
762,31.56
762,31.52
762,31.56
762,31.56
762,31.56
762,31.56
762,31.52
762,31.59
762,31.59
762,31.56
762,31.56
762,31.56
762,31.56
762,31.56
762,31.56
762,31.56
762,31.56
762,31.56
762,31.56
762,31.56
762,31.56
762,31.56
762,31.59
762,31.56
762,31.59
762,31.56
762,31.59
762,31.56
762,31.59
762,31.59
762,31.56
762,31.56
762,31.59
762,31.59
762,31.59
762,31.59
762,31.59
762,31.59
762,31.63
762,31.63
762,31.59
762,31.63
762,31.59
762,31.63
762,31.63
762,31.59
762,31.63
762,31.59
762,31.63
762,31.59
762,31.59
762,31.63
762,31.63
762,31.63
762,31.63
762,31.63
762,31.66
762,31.66
762,31.66
762,31.66
762,31.66
762,31.69
762,31.69
762,31.69
762,31.69
762,31.73
762,31.73
762,31.73
762,31.73
762,31.76
762,31.73
762,31.73
762,31.76
762,31.80
762,31.80
762,31.80
762,31.76
762,31.80
762,31.83
762,31.83
762,31.83
762,31.86
762,31.90
762,31.86
762,31.86
762,31.86
762,31.86
762,31.90
762,31.86
762,31.86
762,31.90
762,31.90
762,31.86
762,31.90
762,31.86
762,31.86
762,31.90
762,31.86
762,31.86
762,31.86
762,31.86
762,31.83
762,31.83
762,31.83
762,31.80
762,31.80
762,31.80
762,31.80
762,31.80
762,31.76
762,31.76
762,31.76
762,31.80
762,31.76
762,31.76
762,31.76
762,31.76
762,31.76
762,31.76
762,31.76
762,31.73
762,31.73
762,31.73
762,31.76
762,31.73
762,31.73
762,31.73
762,31.73
762,31.66
762,31.66
762,31.63
762,31.66
762,31.63
762,31.63
762,31.59
762,31.59
762,31.59
762,31.56
762,31.56
762,31.52
762,31.49
762,31.46
762,31.42
762,31.42
762,31.39
762,31.39
762,31.39
762,31.36
762,31.32
762,31.29
762,31.29
762,31.29
762,31.25
762,31.29
762,31.25
762,31.25
762,31.25
762,31.25
762,31.25
762,31.22
762,31.22
762,31.25
762,31.22
762,31.22
762,31.22
762,31.22
762,31.22
762,31.22
762,31.22
762,31.22
762,31.22
762,31.22
762,31.19
762,31.22
762,31.22
762,31.19
762,31.22
762,31.22
762,31.19
762,31.19
762,31.22
762,31.22
762,31.25
762,31.22
762,31.25
762,31.22
762,31.25
762,31.29
762,31.29
762,31.29
762,31.32
762,31.29
762,31.29
762,31.29
762,31.32
762,31.32
762,31.29
762,31.32
762,31.32
762,31.32
762,31.32
762,31.36
762,31.36
762,31.36
762,31.36
762,31.36
762,31.39
762,31.36
762,31.36
762,31.39
762,31.39
762,31.39
762,31.39
762,31.39
762,31.39
762,31.39
762,31.39
762,31.42
762,31.39
762,31.42
762,31.39
762,31.39
762,31.42
762,31.39
762,31.42
762,31.42
762,31.46
762,31.46
762,31.46
762,31.46
762,31.46
762,31.46
762,31.49
762,31.46
762,31.46
762,31.49
762,31.46
762,31.46
762,31.46
762,31.46
762,31.42
762,31.46
762,31.42
762,31.46
762,31.46
762,31.46
762,31.46
762,31.46
762,31.46
762,31.46
762,31.46
762,31.46
762,31.46
762,31.46
762,31.46
762,31.46
762,31.42
762,31.46
762,31.46
762,31.46
762,31.46
762,31.49
762,31.46
762,31.49
762,31.49
762,31.46
762,31.49
762,31.49
762,31.49
762,31.49
762,31.49
762,31.52
762,31.52
762,31.52
762,31.49
762,31.49
762,31.52
762,31.52
762,31.52
762,31.52
762,31.52
762,31.52
762,31.52
762,31.56
762,31.52
762,31.52
762,31.56
762,31.56
762,31.56
762,31.56
762,31.56
762,31.56
762,31.56
762,31.56
762,31.56
762,31.56
762,31.52
762,31.56
762,31.52
762,31.52
762,31.59
762,31.59
762,31.63
762,31.59
762,31.59
762,31.63
762,31.59
762,31.63
762,31.66
762,31.66
762,31.66
762,31.66
762,31.69
762,31.69
762,31.73
762,31.69
762,31.73
762,31.73
762,31.73
762,31.76
762,31.76
762,31.76
762,31.80
762,31.80
762,31.80
762,31.80
762,31.80
762,31.83
762,31.83
762,31.83
762,31.86
762,31.86
762,31.86
762,31.86
762,31.86
762,31.90
762,31.90
762,31.90
762,31.93
762,31.93
762,31.93
762,31.97
762,31.97
762,31.97
762,32.00
762,32.00
762,32.00
762,32.03
762,32.03
762,32.07
762,32.07
762,32.03
762,32.07
762,32.10
762,32.10
762,32.10
762,32.14
762,32.14
762,32.10
762,32.14
762,32.17
762,32.17
762,32.17
762,32.17
762,32.20
762,32.24
762,32.20
762,32.20
762,32.20
762,32.24
762,32.27
762,32.27
762,32.27
762,32.27
762,32.30
762,32.30
762,32.30
762,32.30
762,32.34
762,32.30
762,32.34
762,32.30
762,32.30
762,32.30
762,32.30
762,32.27
762,32.27
762,32.27
762,32.27
762,32.27
762,32.24
762,32.27
762,32.27
762,32.27
762,32.24
762,32.27
762,32.24
762,32.27
762,32.27
762,32.27
762,32.27
762,32.27
762,32.27
762,32.27
762,32.27
762,32.24
762,32.24
762,32.27
762,32.27
762,32.24
762,32.27
762,32.24
762,32.27
762,32.27
762,32.27
762,32.24
762,32.24
762,32.27
762,32.30
762,32.27
762,32.27
762,32.27
762,32.27
762,32.30
762,32.30
762,32.27
762,32.30
762,32.30
762,32.30
762,32.34
762,32.30
762,32.30
762,32.27
762,32.30
762,32.34
762,32.30
762,32.30
762,32.30
762,32.30
762,32.30
762,32.27
762,32.30
762,32.30
762,32.30
762,32.27
762,32.30
762,32.30
762,32.30
762,32.30
762,32.34
762,32.30
762,32.30
762,32.34
762,32.34
762,32.37
762,32.34
762,32.37
762,32.37
762,32.37
762,32.37
762,32.37
762,32.41
762,32.41
762,32.37
762,32.37
762,32.37
762,32.37
762,32.41
763,32.41
762,32.37
762,32.41
762,32.41
762,32.37
762,32.37
762,32.37
762,32.37
762,32.41
762,32.37
762,32.37
762,32.37
762,32.37
762,32.37
762,32.37
762,32.37
762,32.44
762,32.41
762,32.44
762,32.41
762,32.44
762,32.41
762,32.44
762,32.44
762,32.44
762,32.44
762,32.44
762,32.41
762,32.44
762,32.41
762,32.41
762,32.37
762,32.41
762,32.37
762,32.37
762,32.37
762,32.41
762,32.37
762,32.37
762,32.34
762,32.37
762,32.34
762,32.30
762,32.30
762,32.30
762,32.30
762,32.27
762,32.27
762,32.27
762,32.27
762,32.27
762,32.24
762,32.20
762,32.24
762,32.24
762,32.20
762,32.24
762,32.20
762,32.20
762,32.20
762,32.20
762,32.14
762,32.10
762,32.10
762,32.07
762,32.03
762,32.03
762,32.03
762,32.00
762,32.00
762,32.00
762,32.00
762,31.97
762,31.97
762,31.93
762,31.93
762,31.93
762,31.93
762,31.93
762,31.90
762,31.86
762,31.90
762,31.86
762,31.86
762,31.86
762,31.83
762,31.83
762,31.86
762,31.80
762,31.83
762,31.80
762,31.83
762,31.80
762,31.80
762,31.76
762,31.76
762,31.73
762,31.73
762,31.73
762,31.73
762,31.73
762,31.69
762,31.73
762,31.73
762,31.69
762,31.69
762,31.66
762,31.66
762,31.69
762,31.66
762,31.66
762,31.63
762,31.59
762,31.59
762,31.56
762,31.56
762,31.56
762,31.56
762,31.52
762,31.56
762,31.52
762,31.56
762,31.52
762,31.52
762,31.49
762,31.49
762,31.52
762,31.52
762,31.52
762,31.49
762,31.49
762,31.52
762,31.52
762,31.52
762,31.52
762,31.52
762,31.49
762,31.52
762,31.49
762,31.52
762,31.49
762,31.49
762,31.49
762,31.52
762,31.52
762,31.52
762,31.49
762,31.52
762,31.52
762,31.52
762,31.52
762,31.49
762,31.52
762,31.52
762,31.52
762,31.52
762,31.52
762,31.52
762,31.56
762,31.56
762,31.56
762,31.56
762,31.56
762,31.56
762,31.56
762,31.56
762,31.56
762,31.56
762,31.56
762,31.52
762,31.56
762,31.52
762,31.46
762,31.46
762,31.46
762,31.46
762,31.42
762,31.42
762,31.42
762,31.39
762,31.39
762,31.39
762,31.39
762,31.39
762,31.39
762,31.39
762,31.39
762,31.39
762,31.39
762,31.36
762,31.39
762,31.36
762,31.36
762,31.36
762,31.32
762,31.32
762,31.29
762,31.32
762,31.32
762,31.32
762,31.32
762,31.29
762,31.29
762,31.29
762,31.29
762,31.25
762,31.22
762,31.25
762,31.25
762,31.25
762,31.22
762,31.22
762,31.22
762,31.22
762,31.22
762,31.22
762,31.19
762,31.19
762,31.19
762,31.15
762,31.19
762,31.19
762,31.19
762,31.15
762,31.19
762,31.19
762,31.19
762,31.19
762,31.19
762,31.19
762,31.19
762,31.19
762,31.19
762,31.19
762,31.22
762,31.19
762,31.19
762,31.19
762,31.22
762,31.25
762,31.19
762,31.22
762,31.25
762,31.25
762,31.29
762,31.32
762,31.29
762,31.32
762,31.32
762,31.36
762,31.36
762,31.36
762,31.39
762,31.39
762,31.42
762,31.39
762,31.42
762,31.42
762,31.42
762,31.46
762,31.46
762,31.46
762,31.46
762,31.49
762,31.46
762,31.49
762,31.49
762,31.49
762,31.49
762,31.49
762,31.49
762,31.49
762,31.49
762,31.49
762,31.49
762,31.49
762,31.49
762,31.49
762,31.52
762,31.49
762,31.52
762,31.52
762,31.52
762,31.52
762,31.56
762,31.59
762,31.56
762,31.56
762,31.59
762,31.56
762,31.59
762,31.56
762,31.59
762,31.56
762,31.63
762,31.59
762,31.59
762,31.59
762,31.59
762,31.59
762,31.59
762,31.59
762,31.56
762,31.59
762,31.52
762,31.52
762,31.49
762,31.46
762,31.46
762,31.46
762,31.42
762,31.46
762,31.42
762,31.42
762,31.42
762,31.42
762,31.42
762,31.42
762,31.46
762,31.42
762,31.46
762,31.49
762,31.49
762,31.49
762,31.52
762,31.52
762,31.56
762,31.56
762,31.56
762,31.59
762,31.63
762,31.59
762,31.66
762,31.66
762,31.66
762,31.66
762,31.69
762,31.73
762,31.69
762,31.73
762,31.73
762,31.73
762,31.73
762,31.69
762,31.69
762,31.69
762,31.69
762,31.69
762,31.73
762,31.69
762,31.73
762,31.73
762,31.69
762,31.66
762,31.73
762,31.69
762,31.66
762,31.66
762,31.66
762,31.66
762,31.63
762,31.63
762,31.63
762,31.63
762,31.63
762,31.63
762,31.59
762,31.59
762,31.59
762,31.59
762,31.59
762,31.59
762,31.56
762,31.56
762,31.56
762,31.56
762,31.59
762,31.56
762,31.56
762,31.52
762,31.56
762,31.56
762,31.56
762,31.56
762,31.52
762,31.56
762,31.52
762,31.56
762,31.52
762,31.56
762,31.56
762,31.56
762,31.59
762,31.59
762,31.59
762,31.59
762,31.59
762,31.56
762,31.59
762,31.63
762,31.59
762,31.59
762,31.63
762,31.59
762,31.59
762,31.59
762,31.59
762,31.63
762,31.59
762,31.63
762,31.63
762,31.63
762,31.66
762,31.66
762,31.66
762,31.69
762,31.69
762,31.69
762,31.69
762,31.73
762,31.73
762,31.76
762,31.76
762,31.80
762,31.80
762,31.80
762,31.80
762,31.76
762,31.80
762,31.80
762,31.80
762,31.76
762,31.76
762,31.73
762,31.73
762,31.73
762,31.69
762,31.69
762,31.69
762,31.66
762,31.69
762,31.66
762,31.66
762,31.66
762,31.66
762,31.69
762,31.66
762,31.66
762,31.66
762,31.69
762,31.69
762,31.69
762,31.69
762,31.73
762,31.69
762,31.73
762,31.73
762,31.76
762,31.76
762,31.80
762,31.80
762,31.76
762,31.76
762,31.80
762,31.80
762,31.76
762,31.76
762,31.76
762,31.76
762,31.76
762,31.76
762,31.76
762,31.76
762,31.76
762,31.80
762,31.80
762,31.80
762,31.80
762,31.80
762,31.80
762,31.80
762,31.83
762,31.80
762,31.80
762,31.83
762,31.80
762,31.83
762,31.80
762,31.80
762,31.83
762,31.80
762,31.83
762,31.83
762,31.83
762,31.83
762,31.80
762,31.80
762,31.76
762,31.76
762,31.73
762,31.76
762,31.76
762,31.76
762,31.76
762,31.76
762,31.80
762,31.80
762,31.80
762,31.80
762,31.80
762,31.83
762,31.83
762,31.83
762,31.86
762,31.83
762,31.90
762,31.86
762,31.86
762,31.86
762,31.86
762,31.86
762,31.86
762,31.90
762,31.90
762,31.90
762,31.90
762,31.90
762,31.90
762,31.90
762,31.93
762,31.90
762,31.90
762,31.90
762,31.90
762,31.90
762,31.93
762,31.93
762,31.93
762,31.93
762,31.93
762,31.93
762,31.97
762,31.93
762,31.93
762,31.93
762,31.86
762,31.90
762,31.90
762,31.86
762,31.86
762,31.86
762,31.83
762,31.86
762,31.86
762,31.86
762,31.86
762,31.86
762,31.83
762,31.83
762,31.83
762,31.83
762,31.86
762,31.83
762,31.83
762,31.83
762,31.83
762,31.83
762,31.83
762,31.83
762,31.83
762,31.83
762,31.80
762,31.80
762,31.80
762,31.80
762,31.80
762,31.80
762,31.80
762,31.80
762,31.80
762,31.80
762,31.80
762,31.83
762,31.80
762,31.80
762,31.83
762,31.83
762,31.83
762,31.80
762,31.80
762,31.80
762,31.83
762,31.80
762,31.80
762,31.80
762,31.80
762,31.83
762,31.83
762,31.80
762,31.83
762,31.83
762,31.80
762,31.80
762,31.80
762,31.80
762,31.80
762,31.80
762,31.80
762,31.80
762,31.83
762,31.80
762,31.80
762,31.80
762,31.83
762,31.80
762,31.83
762,31.80
762,31.83
762,31.80
762,31.83
762,31.83
762,31.83
762,31.83
762,31.80
762,31.76
762,31.80
762,31.76
762,31.76
762,31.76
762,31.73
762,31.73
762,31.76
762,31.69
762,31.73
762,31.73
762,31.73
762,31.73
762,31.69
762,31.69
762,31.66
762,31.63
762,31.66
762,31.63
762,31.63
762,31.63
762,31.63
762,31.63
762,31.63
762,31.63
762,31.63
762,31.63
762,31.63
762,31.63
762,31.63
762,31.63
762,31.63
762,31.63
762,31.63
762,31.59
762,31.59
762,31.56
762,31.56
762,31.52
762,31.52
762,31.49
762,31.49
762,31.46
762,31.46
762,31.46
762,31.49
762,31.49
762,31.49
762,31.49
762,31.49
762,31.46
762,31.46
762,31.49
762,31.49
762,31.49
762,31.49
762,31.49
762,31.52
762,31.52
762,31.52
762,31.52
762,31.56
762,31.56
762,31.59
762,31.63
762,31.59
762,31.63
762,31.63
762,31.63
762,31.63
762,31.66
762,31.66
762,31.69
762,31.69
762,31.73
762,31.69
762,31.73
762,31.73
762,31.76
762,31.76
762,31.80
762,31.80
762,31.80
762,31.83
762,31.80
762,31.80
762,31.83
762,31.83
762,31.83
762,31.83
762,31.83
762,31.86
762,31.90
762,31.86
762,31.86
762,31.90
762,31.90
762,31.90
762,31.90
762,31.90
762,31.90
762,31.93
762,31.93
762,31.90
762,31.86
762,31.90
762,31.86
762,31.90
762,31.90
762,31.86
762,31.86
762,31.83
762,31.83
762,31.83
762,31.83
762,31.83
762,31.80
762,31.80
762,31.80
762,31.76
762,31.80
762,31.80
762,31.76
762,31.76
762,31.80
762,31.80
762,31.80
762,31.80
762,31.80
762,31.80
762,31.80
762,31.83
762,31.86
762,31.83
762,31.83
762,31.83
762,31.86
762,31.86
762,31.86
762,31.86
762,31.83
762,31.83
762,31.86
762,31.86
762,31.86
762,31.86
762,31.86
762,31.86
762,31.86
762,31.86
762,31.90
762,31.90
762,31.86
762,31.86
762,31.83
762,31.86
762,31.86
762,31.83
762,31.83
762,31.80
762,31.80
762,31.76
762,31.76
762,31.73
762,31.73
762,31.73
762,31.69
762,31.66
762,31.63
762,31.66
762,31.66
762,31.63
762,31.66
762,31.63
762,31.63
762,31.63
762,31.66
762,31.63
762,31.59
762,31.59
762,31.59
762,31.56
762,31.56
762,31.52
762,31.56
762,31.49
762,31.49
762,31.49
762,31.49
762,31.49
762,31.49
762,31.46
762,31.46
762,31.49
762,31.46
762,31.42
762,31.42
762,31.42
762,31.42
762,31.42
762,31.39
762,31.42
762,31.39
762,31.39
762,31.39
762,31.39
762,31.36
762,31.36
762,31.36
762,31.36
762,31.36
762,31.32
762,31.32
762,31.36
762,31.32
762,31.29
762,31.29
762,31.29
762,31.29
762,31.29
762,31.29
762,31.29
762,31.29
762,31.25
762,31.29
762,31.25
762,31.25
762,31.29
762,31.29
762,31.32
762,31.32
762,31.32
762,31.32
762,31.36
762,31.36
762,31.36
762,31.32
762,31.36
762,31.36
762,31.39
762,31.39
762,31.36
762,31.39
762,31.36
762,31.36
762,31.39
762,31.36
762,31.36
762,31.39
762,31.39
762,31.39
762,31.39
762,31.42
762,31.42
762,31.42
762,31.42
762,31.46
762,31.46
762,31.49
762,31.49
762,31.52
762,31.52
762,31.52
762,31.59
762,31.56
762,31.59
762,31.59
762,31.63
762,31.66
762,31.66
762,31.69
762,31.69
762,31.73
763,31.73
762,31.76
762,31.80
762,31.76
763,31.80
762,31.80
762,31.83
762,31.83
762,31.86
762,31.90
762,31.90
762,31.90
762,31.93
762,31.93
762,31.90
762,31.93
762,31.90
762,31.86
762,31.90
762,31.90
762,31.86
762,31.90
762,31.90
762,31.90
762,31.90
762,31.90
762,31.86
762,31.90
762,31.90
762,31.90
762,31.90
762,31.93
762,31.90
762,31.90
762,31.93
762,31.93
762,31.97
762,31.93
762,31.97
762,31.97
762,31.97
762,31.97
762,31.97
762,31.97
762,32.00
762,31.97
763,31.97
762,31.97
762,32.03
762,32.03
762,32.03
763,32.07
762,32.07
762,32.07
762,32.10
762,32.10
762,32.14
762,32.14
762,32.14
762,32.14
762,32.17
762,32.17
762,32.20
762,32.20
762,32.20
762,32.27
762,32.27
763,32.24
762,32.27
762,32.27
763,32.30
762,32.30
762,32.34
762,32.30
762,32.34
762,32.30
762,32.30
762,32.30
762,32.30
762,32.30
762,32.27
762,32.27
762,32.27
762,32.24
762,32.24
762,32.24
762,32.24
762,32.20
762,32.20
762,32.20
762,32.17
763,32.17
762,32.14
762,32.10
762,32.07
762,32.03
762,32.03
762,32.00
762,31.93
762,31.93
762,31.90
763,31.90
762,31.86
763,31.83
762,31.80
762,31.76
762,31.76
762,31.73
762,31.73
762,31.69
763,31.73
762,31.69
762,31.73
762,31.66
763,31.69
762,31.66
762,31.66
762,31.63
763,31.63
763,31.59
762,31.59
762,31.56
762,31.59
762,31.56
762,31.52
762,31.56
762,31.49
762,31.52
762,31.49
762,31.49
762,31.49
762,31.49
762,31.46
762,31.42
762,31.42
762,31.36
762,31.32
762,31.29
763,31.29
762,31.29
762,31.25
762,31.25
762,31.25
762,31.22
762,31.22
762,31.22
762,31.22
762,31.19
763,31.19
762,31.19
762,31.15
762,31.12
762,31.12
762,31.12
762,31.12
762,31.12
762,31.12
762,31.08
762,31.08
762,31.05
762,31.05
762,31.05
762,31.05
762,31.05
762,31.02
763,31.02
762,30.98
762,31.02
762,30.98
762,30.95
762,30.95
762,30.95
762,30.98
762,30.98
762,30.98
762,30.98
762,30.98
762,31.02
762,30.98
762,30.98
762,30.98
762,30.98
762,30.91
762,30.91
762,30.91
762,30.88
762,30.88
762,30.91
762,30.95
762,30.95
762,30.98
762,30.98
762,31.02
762,31.05
762,31.08
762,31.12
762,31.15
762,31.15
762,31.22
762,31.22
762,31.25
762,31.25
762,31.29
762,31.32
762,31.32
762,31.32
762,31.32
762,31.36
762,31.32
762,31.36
762,31.36
762,31.36
762,31.36
762,31.32
762,31.36
762,31.36
762,31.36
762,31.36
762,31.32
762,31.36
762,31.36
762,31.36
762,31.36
762,31.36
762,31.32
762,31.36
762,31.36
762,31.36
762,31.36
762,31.32
762,31.36
762,31.36
762,31.36
762,31.36
762,31.36
762,31.36
762,31.36
762,31.39
762,31.39
762,31.36
762,31.36
762,31.32
762,31.32
762,31.29
762,31.32
762,31.25
762,31.25
762,31.22
762,31.22
762,31.19
762,31.19
762,31.15
762,31.19
762,31.15
762,31.15
762,31.15
762,31.15
762,31.12
762,31.15
762,31.15
762,31.12
762,31.15
762,31.15
762,31.15
762,31.12
762,31.15
762,31.15
762,31.15
762,31.15
762,31.12
762,31.15
762,31.15
762,31.15
762,31.15
762,31.15
762,31.19
762,31.15
762,31.19
762,31.19
762,31.19
762,31.19
762,31.19
762,31.19
762,31.15
762,31.15
762,31.15
762,31.12
762,31.12
762,31.12
762,31.08
762,31.08
762,31.05
762,31.05
762,31.02
762,31.02
762,30.98
762,30.98
762,30.95
762,30.95
762,30.91
762,30.91
762,30.91
762,30.95
762,30.91
762,30.91
762,30.88
762,30.91
762,30.91
762,30.91
762,30.91
762,30.95
762,30.95
762,30.98
762,30.95
762,30.95
762,30.98
762,30.98
762,30.98
762,30.98
762,30.98
762,30.95
762,30.98
762,30.98
762,31.02
762,31.02
762,31.02
762,31.02
762,31.02
762,31.02
762,31.05
762,31.05
762,31.05
762,31.02
762,31.05
762,31.02
762,31.05
762,31.05
762,31.08
762,31.08
762,31.05
762,31.08
762,31.08
762,31.08
762,31.08
762,31.05
762,31.02
762,31.02
762,31.02
762,31.02
762,30.98
762,30.98
762,30.98
762,30.95
762,30.95
762,30.95
762,30.91
762,30.91
762,30.91
762,30.91
762,30.91
762,30.91
762,30.88
762,30.88
762,30.88
762,30.88
762,30.88
762,30.88
762,30.88
762,30.88
762,30.88
762,30.91
762,30.91
762,30.91
762,30.91
762,30.95
762,30.91
762,30.95
762,30.95
762,30.98
762,31.02
762,31.02
762,31.02
762,30.98
762,31.05
762,31.05
762,31.05
762,31.08
762,31.05
762,31.08
762,31.08
762,31.08
762,31.12
762,31.12
762,31.12
762,31.12
762,31.15
762,31.12
762,31.15
762,31.15
762,31.15
762,31.19
762,31.15
762,31.19
762,31.19
762,31.19
762,31.19
762,31.19
762,31.22
762,31.22
762,31.19
762,31.25
762,31.25
762,31.22
762,31.19
762,31.22
762,31.25
762,31.25
762,31.25
762,31.29
762,31.29
762,31.29
762,31.32
762,31.32
762,31.32
762,31.32
762,31.32
762,31.36
762,31.32
762,31.32
762,31.32
762,31.36
762,31.36
762,31.32
762,31.36
762,31.36
762,31.36
762,31.39
762,31.39
762,31.32
762,31.39
762,31.39
762,31.39
762,31.39
762,31.39
762,31.39
762,31.39
762,31.36
762,31.36
762,31.36
762,31.32
762,31.32
762,31.36
762,31.32
762,31.36
762,31.32
762,31.29
762,31.29
762,31.25
762,31.25
762,31.22
762,31.22
762,31.19
762,31.19
762,31.15
762,31.12
762,31.12
762,31.12
762,31.12
762,31.05
762,31.05
762,31.05
762,31.02
762,30.98
762,30.98
762,30.98
762,30.98
762,30.98
762,30.95
762,30.95
762,30.95
762,30.95
762,30.95
762,30.95
762,30.91
762,30.95
762,30.95
762,30.91
762,30.95
762,30.91
762,30.95
762,30.91
762,30.91
762,30.91
762,30.91
762,30.91
762,30.88
762,30.88
762,30.88
762,30.85
762,30.85
762,30.81
762,30.85
762,30.85
762,30.85
762,30.85
762,30.81
762,30.81
762,30.81
762,30.81
762,30.78
762,30.78
762,30.81
762,30.85
762,30.81
762,30.81
762,30.81
762,30.81
762,30.81
762,30.81
762,30.81
762,30.85
762,30.85
762,30.85
762,30.85
762,30.85
762,30.85
762,30.85
762,30.85
762,30.88
762,30.91
762,30.88
762,30.91
762,30.88
762,30.91
762,30.91
762,30.91
762,30.91
762,30.95
762,30.95
762,30.95
762,30.98
762,30.98
762,30.95
762,31.02
762,31.02
762,31.02
762,31.02
762,31.05
762,31.05
762,31.05
762,31.05
762,31.05
762,31.08
762,31.08
762,31.12
762,31.12
762,31.15
762,31.15
762,31.19
762,31.19
762,31.19
762,31.19
762,31.19
762,31.19
762,31.22
762,31.22
762,31.22
762,31.25
762,31.25
762,31.25
762,31.29
762,31.29
762,31.29
762,31.29
762,31.29
762,31.25
762,31.29
762,31.29
762,31.29
762,31.29
762,31.29
762,31.32
762,31.32
762,31.32
762,31.32
762,31.36
762,31.36
762,31.36
762,31.36
762,31.32
762,31.36
762,31.32
762,31.36
762,31.29
762,31.32
762,31.32
762,31.29
762,31.29
762,31.25
762,31.22
762,31.25
762,31.22
762,31.19
762,31.15
762,31.12
762,31.08
762,31.05
762,31.02
762,31.02
762,31.02
762,30.98
762,30.95
762,30.95
762,30.98
762,30.91
762,30.95
762,30.95
762,30.91
762,30.95
762,30.95
762,30.95
762,30.95
762,30.95
762,30.98
762,30.98
762,30.98
762,30.95
762,30.98
762,30.98
762,30.98
762,30.98
762,31.05
762,31.02
762,31.05
762,31.02
762,31.02
762,31.05
762,31.05
762,31.05
762,31.02
762,31.05
762,31.05
762,31.08
762,31.05
762,31.08
762,31.08
762,31.08
762,31.08
762,31.08
762,31.08
762,31.05
762,31.08
762,31.08
762,31.08
762,31.08
762,31.05
762,31.05
762,31.05
762,31.05
762,31.05
762,31.05
762,31.02
762,31.02
762,31.05
762,31.02
762,31.02
762,31.02
762,31.02
762,31.02
762,31.05
762,31.02
762,31.02
762,30.98
762,30.98
762,30.95
762,30.95
762,30.95
762,30.91
762,30.91
762,30.88
762,30.88
762,30.85
762,30.85
762,30.81
762,30.81
762,30.78
762,30.81
762,30.81
762,30.78
762,30.78
762,30.78
762,30.78
762,30.75
762,30.75
762,30.75
762,30.78
762,30.78
762,30.78
762,30.78
762,30.78
762,30.78
762,30.78
762,30.78
762,30.75
762,30.78
762,30.78
762,30.75
762,30.81
762,30.81
762,30.78
762,30.78
762,30.78
762,30.78
762,30.78
762,30.78
762,30.78
762,30.75
762,30.78
762,30.78
762,30.78
762,30.78
762,30.78
762,30.78
762,30.78
762,30.78
762,30.81
762,30.81
762,30.81
762,30.81
762,30.78
762,30.78
762,30.81
762,30.81
762,30.81
762,30.81
762,30.85
762,30.81
762,30.81
762,30.81
762,30.85
762,30.85
762,30.85
762,30.85
762,30.85
762,30.81
762,30.81
762,30.81
762,30.81
762,30.78
762,30.78
762,30.78
762,30.81
762,30.81
762,30.78
762,30.75
762,30.78
762,30.81
762,30.81
762,30.78
762,30.81
762,30.81
762,30.81
762,30.81
762,30.81
762,30.78
762,30.81
762,30.81
762,30.81
762,30.81
762,30.81
762,30.81
762,30.85
762,30.85
762,30.85
762,30.85
762,30.85
762,30.85
762,30.85
762,30.85
762,30.85
762,30.85
762,30.88
762,30.88
762,30.88
762,30.88
762,30.88
762,30.91
762,30.91
762,30.91
762,30.91
762,30.91
762,30.91
762,30.98
762,30.95
762,30.95
762,30.95
762,30.95
762,30.95
762,30.91
762,30.95
762,30.91
762,30.95
762,30.95
762,30.95
762,30.98
762,30.98
762,30.95
762,30.98
762,30.98
762,30.98
762,31.02
762,31.02
762,31.02
762,31.02
762,31.02
762,31.02
762,31.05
762,31.05
762,31.05
762,31.08
762,31.05
762,31.08
762,31.08
762,31.08
762,31.08
762,31.08
762,31.08
762,31.05
762,31.08
762,31.08
762,31.08
762,31.05
762,31.08
762,31.08
762,31.12
762,31.08
762,31.08
762,31.05
762,31.08
762,31.08
762,31.05
762,31.05
762,31.05
762,31.05
762,31.02
762,31.05
762,31.02
762,31.05
762,31.02
762,31.02
762,31.02
762,31.05
762,31.02
762,31.02
762,31.02
762,31.02
762,31.02
762,31.02
762,31.02
762,31.02
762,31.02
762,31.02
762,31.05
762,31.08
762,31.08
762,31.05
762,31.08
762,31.08
762,31.08
762,31.08
762,31.08
762,31.08
762,31.12
762,31.08
762,31.12
762,31.12
762,31.12
762,31.15
762,31.12
762,31.15
762,31.15
762,31.15
762,31.19
762,31.15
762,31.19
762,31.19
762,31.15
762,31.19
762,31.15
762,31.19
762,31.15
762,31.15
762,31.15
762,31.15
762,31.15
762,31.19
762,31.19
762,31.19
762,31.19
762,31.19
762,31.19
762,31.15
762,31.19
762,31.15
762,31.19
762,31.19
762,31.19
762,31.19
762,31.19
762,31.19
762,31.19
762,31.19
762,31.19
762,31.19
762,31.19
762,31.19
762,31.15
762,31.15
762,31.15
762,31.12
762,31.12
762,31.12
762,31.15
762,31.12
762,31.12
762,31.12
762,31.12
762,31.08
762,31.08
762,31.08
762,31.08
762,31.05
762,31.05
762,31.05
762,31.08
762,31.05
762,31.02
762,31.08
762,31.05
762,31.02
762,31.02
762,31.02
762,30.98
762,30.98
762,30.98
762,30.95
762,30.95
762,30.98
762,30.95
762,30.95
762,30.95
762,30.95
762,30.91
762,30.95
762,30.91
762,30.91
762,30.91
762,30.91
762,30.88
762,30.88
762,30.91
762,30.88
762,30.88
762,30.88
762,30.88
762,30.88
762,30.88
762,30.88
762,30.88
762,30.91
762,30.91
762,30.88
762,30.88
762,30.91
762,30.91
762,30.95
762,30.95
762,30.95
762,30.95
762,30.98
762,31.02
762,30.98
762,30.98
762,31.05
762,31.02
762,31.02
762,31.02
762,31.05
762,31.05
762,31.08
762,31.05
762,31.05
762,31.08
762,31.08
762,31.08
762,31.08
762,31.12
762,31.08
762,31.12
762,31.12
762,31.12
762,31.12
762,31.12
762,31.12
762,31.12
762,31.15
762,31.12
762,31.15
762,31.15
762,31.15
762,31.15
762,31.12
762,31.12
762,31.08
762,31.08
762,31.05
762,31.05
762,31.05
762,31.05
762,31.05
762,31.05
762,31.02
762,31.02
762,31.02
762,30.98
762,30.95
762,30.91
762,30.91
762,30.85
762,30.81
762,30.78
762,30.81
762,30.78
762,30.78
762,30.78
762,30.75
762,30.75
762,30.75
762,30.71
762,30.71
762,30.68
762,30.68
762,30.68
762,30.64
762,30.68
762,30.68
762,30.68
762,30.68
762,30.68
762,30.71
762,30.71
762,30.71
762,30.71
762,30.71
762,30.71
762,30.75
762,30.71
762,30.75
762,30.75
762,30.75
762,30.75
762,30.75
762,30.78
762,30.78
762,30.75
762,30.75
762,30.75
762,30.78
762,30.75
762,30.75
762,30.75
762,30.78
762,30.78
762,30.78
762,30.78
762,30.75
762,30.78
762,30.75
762,30.78
762,30.78
762,30.75
762,30.75
762,30.71
762,30.71
762,30.71
762,30.71
762,30.68
762,30.68
762,30.68
762,30.68
762,30.68
762,30.64
762,30.64
762,30.64
762,30.64
762,30.64
762,30.64
762,30.64
762,30.64
762,30.68
762,30.64
762,30.68
762,30.68
762,30.68
762,30.68
762,30.71
762,30.71
762,30.68
762,30.71
762,30.71
762,30.71
762,30.68
762,30.68
762,30.68
762,30.68
762,30.68
762,30.64
762,30.64
762,30.68
762,30.68
762,30.68
762,30.68
762,30.64
762,30.64
762,30.61
762,30.58
762,30.58
762,30.54
762,30.47
762,30.47
762,30.44
762,30.44
762,30.41
762,30.41
762,30.34
762,30.37
762,30.37
762,30.34
762,30.34
762,30.31
762,30.31
762,30.27
762,30.24
762,30.24
762,30.20
762,30.20
762,30.20
762,30.24
762,30.24
762,30.24
762,30.24
762,30.27
762,30.27
762,30.34
762,30.31
762,30.31
762,30.34
762,30.37
762,30.34
762,30.34
762,30.37
762,30.37
762,30.41
762,30.41
762,30.41
762,30.37
762,30.44
762,30.44
762,30.44
762,30.44
762,30.47
762,30.47
762,30.47
762,30.47
762,30.47
762,30.47
762,30.47
762,30.51
762,30.51
762,30.47
762,30.47
762,30.51
762,30.54
762,30.51
762,30.54
762,30.51
762,30.54
762,30.54
762,30.58
762,30.58
762,30.58
762,30.61
762,30.61
762,30.58
762,30.61
762,30.64
762,30.64
762,30.68
762,30.68
762,30.71
762,30.71
762,30.68
762,30.75
762,30.71
762,30.75
762,30.81
762,30.81
762,30.81
762,30.85
762,30.85
762,30.88
762,30.91
762,30.95
762,30.95
762,30.95
762,30.95
762,30.95
762,30.95
762,30.98
762,31.02
762,30.98
762,31.02
762,31.02
762,30.98
762,30.98
762,31.02
762,30.98
762,30.98
762,30.95
762,30.95
762,30.95
762,30.95
762,30.95
762,30.91
762,30.91
762,30.91
762,30.91
762,30.91
762,30.91
762,30.88
762,30.88
762,30.88
762,30.85
762,30.88
762,30.85
762,30.85
762,30.88
762,30.88
762,30.88
762,30.88
762,30.88
762,30.88
762,30.88
762,30.91
762,30.91
762,30.91
762,30.95
762,30.95
762,30.91
762,30.95
762,30.95
762,30.95
762,30.95
762,30.95
762,30.95
762,30.91
762,30.95
762,30.91
762,30.91
762,30.95
762,30.91
762,30.88
762,30.91
762,30.88
762,30.91
762,30.91
762,30.91
762,30.91
762,30.95
762,30.98
762,30.95
762,30.91
762,30.95
762,30.91
762,30.95
762,30.95
762,30.91
762,30.95
762,30.91
762,30.91
762,30.91
762,30.91
762,30.91
762,30.91
762,30.91
762,30.91
762,30.91
762,30.91
762,30.91
762,30.91
762,30.95
762,30.91
762,30.91
762,30.95
762,30.91
762,30.91
762,30.91
762,30.91
762,30.95
762,30.91
762,30.91
762,30.88
762,30.91
762,30.91
762,30.91
762,30.88
762,30.88
762,30.85
762,30.88
762,30.85
762,30.85
762,30.85
762,30.81
762,30.81
762,30.81
762,30.81
762,30.78
762,30.78
762,30.81
762,30.78
762,30.78
762,30.78
762,30.75
762,30.71
762,30.71
762,30.71
762,30.71
762,30.71
762,30.68
762,30.68
762,30.64
762,30.64
762,30.68
762,30.64
762,30.68
762,30.68
762,30.68
762,30.71
762,30.71
762,30.71
762,30.71
762,30.71
762,30.75
762,30.75
762,30.75
762,30.78
762,30.78
762,30.78
762,30.78
762,30.78
762,30.75
762,30.78
762,30.75
762,30.78
762,30.78
762,30.78
762,30.78
762,30.78
762,30.81
762,30.81
762,30.81
762,30.81
762,30.85
762,30.85
762,30.85
762,30.85
762,30.88
762,30.91
762,30.91
762,30.88
762,30.91
762,30.91
762,30.88
762,30.91
762,30.95
762,30.95
762,30.95
762,30.95
762,30.95
762,30.95
762,30.98
762,30.95
762,30.98
762,30.95
762,30.98
762,30.98
762,30.98
762,30.98
762,30.98
762,31.02
762,31.05
762,31.05
762,31.05
762,31.02
762,31.08
762,31.05
762,31.05
762,31.05
762,31.08
762,31.08
762,31.08
762,31.05
762,31.08
762,31.08
762,31.05
762,31.08
762,31.05
762,31.05
762,31.05
762,31.08
762,31.08
762,31.08
762,31.08
762,31.08
762,31.08
762,31.08
762,31.08
762,31.08
762,31.12
762,31.12
762,31.12
762,31.15
762,31.19
762,31.15
762,31.19
762,31.15
762,31.15
762,31.19
762,31.22
762,31.19
762,31.22
762,31.22
762,31.22
762,31.22
762,31.22
762,31.22
762,31.22
762,31.22
762,31.22
762,31.22
762,31.22
762,31.25
762,31.25
762,31.22
762,31.25
762,31.29
762,31.29
762,31.29
762,31.29
762,31.29
762,31.29
762,31.32
762,31.32
762,31.32
762,31.32
762,31.36
762,31.36
762,31.36
762,31.36
762,31.39
762,31.39
762,31.36
762,31.39
762,31.42
762,31.42
762,31.42
762,31.39
762,31.39
762,31.39
762,31.39
762,31.39
762,31.39
762,31.36
762,31.39
762,31.39
762,31.36
762,31.39
762,31.36
762,31.36
762,31.32
762,31.32
762,31.32
762,31.32
762,31.29
762,31.29
762,31.22
762,31.22
762,31.19
762,31.19
762,31.19
762,31.15
762,31.08
762,31.08
762,31.05
762,30.98
762,30.91
762,30.91
762,30.88
762,30.85
762,30.78
762,30.75
762,30.71
762,30.71
762,30.64
762,30.61
762,30.58
762,30.58
762,30.58
762,30.54
762,30.54
762,30.54
762,30.54
762,30.58
762,30.54
762,30.54
762,30.54
762,30.58
762,30.54
762,30.61
762,30.61
762,30.61
762,30.61
762,30.61
762,30.64
762,30.61
762,30.61
762,30.64
762,30.64
762,30.61
762,30.64
762,30.64
762,30.64
762,30.64
762,30.64
762,30.64
762,30.68
762,30.68
762,30.71
762,30.71
762,30.71
762,30.71
762,30.75
762,30.75
762,30.75
762,30.75
762,30.75
762,30.75
762,30.75
762,30.75
762,30.75
762,30.75
762,30.75
762,30.75
762,30.71
762,30.75
762,30.75
762,30.75
762,30.75
762,30.75
762,30.75
762,30.71
762,30.75
762,30.75
762,30.78
762,30.75
762,30.78
762,30.75
762,30.78
762,30.78
762,30.78
762,30.81
762,30.81
762,30.81
762,30.78
762,30.78
762,30.75
762,30.75
762,30.75
762,30.71
762,30.71
762,30.71
762,30.71
762,30.71
762,30.71
762,30.71
762,30.75
762,30.75
762,30.78
762,30.78
762,30.78
762,30.81
762,30.85
762,30.85
762,30.85
762,30.85
762,30.85
762,30.88
