765,29.09
764,29.12
765,29.09
765,29.09
765,29.12
765,29.12
765,29.15
765,29.19
765,29.19
765,29.22
764,29.22
765,29.26
765,29.22
765,29.26
765,29.26
764,29.26
765,29.22
765,29.19
765,29.19
764,29.19
765,29.19
765,29.19
765,29.22
764,29.29
764,29.32
765,29.39
765,29.39
764,29.39
765,29.42
765,29.42
765,29.39
765,29.39
765,29.39
765,29.39
765,29.39
765,29.42
765,29.42
765,29.46
765,29.49
765,29.49
765,29.46
765,29.53
764,29.53
765,29.49
764,29.53
765,29.49
765,29.49
764,29.49
765,29.46
765,29.46
765,29.46
765,29.42
764,29.42
764,29.42
764,29.42
765,29.39
765,29.36
765,29.32
764,29.29
765,29.29
765,29.26
765,29.19
765,29.19
764,29.19
765,29.22
765,29.26
765,29.26
765,29.29
765,29.29
766,29.29
765,29.26
765,29.29
765,29.29
765,29.22
765,29.19
765,29.12
765,29.12
765,29.12
765,29.12
764,29.12
765,29.09
765,29.09
765,29.09
765,29.05
765,29.02
765,28.98
765,28.98
765,28.95
764,28.92
765,28.92
765,28.92
765,28.95
765,28.95
766,28.95
765,29.02
765,29.02
765,28.95
764,28.95
765,28.92
765,28.92
765,28.92
765,28.92
765,28.88
765,28.92
765,28.88
765,28.88
765,28.88
765,28.85
765,28.81
765,28.81
765,28.85
765,28.85
765,28.88
765,28.85
765,28.88
765,28.88
765,28.92
765,28.88
764,28.92
765,28.95
765,28.95
765,28.98
765,29.02
765,28.98
765,29.02
765,29.02
765,29.02
765,29.02
765,29.05
765,29.05
765,29.05
765,29.05
765,29.05
764,29.05
765,29.09
765,29.09
765,29.05
765,29.09
765,29.09
765,29.09
764,29.09
764,29.09
766,29.12
765,29.09
765,29.12
765,29.15
764,29.15
765,29.22
765,29.22
765,29.22
765,29.26
764,29.26
765,29.26
765,29.22
764,29.19
765,29.19
765,29.19
766,29.22
765,29.22
765,29.19
765,29.22
765,29.26
764,29.22
765,29.26
765,29.22
765,29.26
765,29.29
765,29.29
766,29.36
765,29.39
765,29.42
765,29.46
765,29.53
765,29.59
765,29.59
765,29.66
765,29.70
765,29.73
765,29.73
765,29.76
766,29.80
765,29.83
765,29.83
764,29.83
765,29.80
765,29.73
765,29.73
765,29.70
765,29.73
765,29.73
765,29.70
764,29.70
765,29.70
765,29.63
765,29.63
764,29.59
765,29.56
766,29.56
765,29.53
765,29.53
764,29.56
766,29.56
765,29.56
765,29.56
765,29.56
765,29.59
765,29.59
765,29.59
765,29.63
765,29.66
765,29.70
765,29.73
766,29.76
764,29.80
765,29.80
765,29.86
765,29.86
765,29.93
765,29.97
765,29.97
765,30.00
766,30.03
765,30.07
765,30.07
765,30.03
766,30.03
765,30.00
765,29.97
765,29.97
765,29.97
765,29.93
765,29.90
765,29.86
765,29.83
766,29.76
765,29.70
765,29.63
765,29.59
765,29.53
765,29.49
764,29.49
765,29.49
765,29.46
765,29.42
764,29.39
765,29.42
765,29.39
765,29.36
765,29.36
765,29.29
765,29.29
765,29.29
765,29.22
765,29.26
765,29.26
765,29.26
765,29.26
765,29.29
765,29.26
765,29.29
765,29.29
765,29.32
765,29.36
765,29.36
764,29.39
765,29.42
764,29.46
766,29.53
765,29.53
764,29.56
765,29.56
765,29.56
765,29.59
765,29.59
764,29.56
765,29.56
765,29.59
765,29.59
764,29.59
765,29.56
765,29.53
765,29.56
765,29.59
765,29.59
765,29.59
765,29.59
765,29.56
766,29.56
764,29.59
765,29.56
765,29.53
764,29.56
765,29.53
764,29.53
764,29.56
765,29.56
764,29.56
765,29.53
766,29.49
765,29.49
765,29.49
765,29.46
765,29.42
765,29.42
765,29.42
765,29.39
766,29.39
765,29.39
764,29.36
764,29.36
765,29.36
765,29.32
765,29.36
765,29.39
765,29.36
765,29.39
764,29.36
765,29.36
764,29.32
765,29.32
765,29.29
765,29.32
766,29.32
766,29.32
766,29.36
765,29.39
764,29.32
765,29.36
764,29.36
765,29.36
765,29.32
764,29.36
765,29.39
765,29.42
765,29.42
765,29.42
765,29.39
765,29.39
765,29.42
765,29.42
764,29.46
765,29.46
765,29.49
765,29.49
765,29.42
765,29.46
765,29.42
765,29.39
764,29.39
765,29.36
764,29.32
764,29.29
765,29.29
764,29.26
765,29.29
764,29.29
764,29.36
764,29.32
764,29.32
765,29.32
765,29.36
765,29.32
765,29.32
765,29.36
765,29.39
765,29.42
765,29.49
765,29.49
765,29.49
765,29.49
765,29.53
765,29.53
764,29.56
765,29.59
765,29.59
765,29.63
765,29.63
765,29.66
765,29.66
765,29.66
764,29.70
765,29.70
765,29.70
765,29.70
764,29.73
765,29.76
764,29.76
765,29.80
765,29.83
765,29.83
765,29.83
765,29.86
765,29.86
764,29.86
765,29.86
765,29.86
765,29.86
764,29.90
765,29.90
765,29.90
765,29.90
764,29.90
765,29.90
765,29.90
765,29.90
765,29.86
765,29.86
764,29.80
765,29.76
765,29.70
765,29.66
765,29.66
764,29.63
765,29.66
765,29.66
764,29.63
765,29.59
765,29.49
765,29.42
765,29.32
765,29.22
765,29.15
765,29.09
765,29.05
765,28.98
765,28.95
765,28.95
764,29.02
765,29.05
765,29.09
765,29.15
765,29.22
765,29.29
764,29.29
765,29.36
764,29.29
765,29.26
765,29.29
765,29.32
765,29.29
764,29.32
765,29.32
765,29.39
764,29.39
765,29.42
765,29.39
765,29.42
765,29.42
765,29.42
