764,29.32,26.44
764,29.32,26.51
764,29.32,26.48
764,29.32,26.44
764,29.32,26.44
763,29.32,26.41
762,29.32,26.38
764,29.32,26.38
764,29.32,26.28
764,29.32,26.24
764,29.32,26.24
764,29.32,26.21
764,29.32,26.28
764,29.32,26.31
764,28.98,26.41
764,29.66,26.44
764,30.68,26.48
764,31.02,26.55
763,30.68,26.51
764,30.34,26.55
762,30.34,26.51
763,30.34,26.48
763,32.37,26.51
764,34.07,26.48
764,34.41,26.44
763,35.09,26.38
764,35.42,26.28
763,35.42,26.17
763,34.75,26.14
763,34.41,26.01
763,34.07,26.04
763,33.73,26.07
763,33.73,26.04
763,33.05,26.01
764,32.71,26.04
764,32.37,26.04
764,32.37,26.07
763,32.03,26.11
764,32.03,26.17
764,31.69,26.28
764,31.36,26.31
764,31.02,26.24
764,31.02,26.17
764,31.02,26.07
764,31.02,26.01
764,31.02,25.97
764,31.02,25.94
764,31.02,25.94
764,31.02,26.01
764,31.02,26.04
764,31.02,26.07
764,31.02,26.17
764,31.02,26.24
764,31.02,26.28
764,30.68,26.31
764,30.68,26.41
764,30.68,26.51
764,30.34,26.55
764,30.34,26.72
764,30.34,26.78
763,30.34,26.82
764,30.34,26.88
764,30.34,26.85
764,30.00,26.85
764,30.00,26.85
764,30.00,26.72
764,30.00,26.58
764,30.00,26.48
764,30.00,26.41
764,30.00,26.34
764,30.00,26.34
764,30.00,26.38
762,30.34,26.41
764,30.34,26.38
763,30.34,26.41
764,30.34,26.38
764,30.34,26.38
764,30.34,26.31
762,30.34,26.24
764,30.34,26.17
764,30.34,26.14
764,30.34,26.14
764,30.34,26.11
763,30.34,26.07
764,30.34,26.17
764,30.34,26.17
764,30.34,26.17
764,30.34,26.21
764,30.34,26.24
764,30.00,26.24
764,30.34,26.24
764,30.34,26.28
764,30.00,26.28
764,30.34,26.31
763,30.34,26.31
764,30.34,26.34
764,30.34,26.38
764,30.34,26.34
764,30.00,26.31
764,30.00,26.34
764,30.00,26.34
764,30.00,26.44
764,30.00,26.55
764,30.00,26.61
764,30.00,26.75
764,30.00,26.85
764,30.00,26.92
764,30.00,27.02
764,29.66,27.09
764,30.00,27.16
764,29.66,27.22
764,29.66,27.26
764,30.00,27.22
764,30.00,27.19
764,30.00,27.22
764,30.00,27.26
764,30.00,27.33
764,30.00,27.43
764,30.00,27.46
764,29.66,27.49
764,30.00,27.39
764,30.00,27.39
764,29.66,27.33
764,29.66,27.36
764,29.66,27.39
764,29.66,27.39
764,30.00,27.43
764,29.66,27.43
764,29.66,27.43
764,29.66,27.49
764,29.66,27.53
764,29.66,27.56
764,29.66,27.60
764,29.66,27.70
764,29.66,27.73
764,29.66,27.83
764,30.00,27.93
763,30.00,27.97
764,29.66,27.90
764,29.66,27.80
764,30.00,27.70
764,30.00,27.60
764,30.00,27.49
764,30.00,27.46
764,30.00,27.46
764,29.66,27.43
764,29.66,27.36
764,29.66,27.33
764,30.00,27.29
