758,-242.02,30.00
757,-242.02,30.03
757,-242.02,30.07
757,-242.02,30.10
757,-242.02,30.10
757,-242.02,30.14
757,-242.02,30.17
758,-242.02,30.17
758,-242.02,30.20
758,-242.02,30.20
758,-242.02,30.24
758,-242.02,30.24
758,-242.02,30.27
758,-242.02,30.31
758,-242.02,30.34
758,-242.02,30.34
758,-242.02,30.34
758,-242.02,30.34
758,-242.02,30.34
758,-242.02,30.37
758,-242.02,30.37
758,-242.02,30.37
758,-242.02,30.37
758,-242.02,30.41
758,-242.02,30.41
758,-242.02,30.41
758,-242.02,30.41
758,-242.02,30.41
758,-242.02,30.41
758,-242.02,30.41
758,-242.02,30.44
758,-242.02,30.41
758,-242.02,30.44
758,-242.02,30.44
758,-242.02,30.44
758,-242.02,30.44
758,-242.02,30.44
758,-242.02,30.44
758,-242.02,30.47
758,-242.02,30.44
758,-242.02,30.47
758,-242.02,30.47
758,-242.02,30.51
758,-242.02,30.51
758,-242.02,30.51
758,-242.02,30.54
758,-242.02,30.54
758,-242.02,30.54
758,-242.02,30.54
758,-242.02,30.58
758,-242.02,30.54
758,-242.02,30.54
758,-242.02,30.54
758,-242.02,30.58
758,-242.02,30.54
758,-242.02,30.54
758,-242.02,30.54
758,-242.02,30.58
758,-242.02,30.54
758,-242.02,30.54
758,-242.02,30.58
758,-242.02,30.54
758,-242.02,30.58
758,-242.02,30.58
758,-242.02,30.58
758,-242.02,30.58
758,-242.02,30.61
758,-242.02,30.61
758,-242.02,30.61
758,-242.02,30.61
758,-242.02,30.68
758,-242.02,30.64
758,-242.02,30.64
758,-242.02,30.68
758,-242.02,30.64
758,-242.02,30.68
758,-242.02,30.68
758,-242.02,30.68
757,-242.02,30.64
758,-242.02,30.68
758,-242.02,30.64
758,-242.02,30.68
758,-242.02,30.68
758,-242.02,30.68
758,-242.02,30.71
758,-242.02,30.68
758,-242.02,30.71
758,-242.02,30.68
758,-242.02,30.68
758,-242.02,30.68
758,-242.02,30.64
758,-242.02,30.68
758,-242.02,30.68
758,-242.02,30.64
758,-242.02,30.64
758,-242.02,30.68
758,-242.02,30.64
758,-242.02,30.68
758,-242.02,30.68
758,-242.02,30.68
758,-242.02,30.68
758,-242.02,30.68
758,-242.02,30.68
758,-242.02,30.68
758,-242.02,30.64
758,-242.02,30.68
758,-242.02,30.64
758,-242.02,30.64
758,-242.02,30.64
758,-242.02,30.61
758,-242.02,30.61
758,-242.02,30.61
758,-242.02,30.58
758,-242.02,30.61
758,-242.02,30.61
758,-242.02,30.58
758,-242.02,30.58
758,-242.02,30.58
758,-242.02,30.58
758,-242.02,30.58
758,-242.02,30.58
758,-242.02,30.54
758,-242.02,30.54
758,-242.02,30.51
758,-242.02,30.54
758,-242.02,30.51
758,-242.02,30.51
758,-242.02,30.51
758,-242.02,30.51
758,-242.02,30.51
758,-242.02,30.54
758,-242.02,30.54
758,-242.02,30.51
758,-242.02,30.51
758,-242.02,30.51
758,-242.02,30.54
758,-242.02,30.51
758,-242.02,30.54
758,-242.02,30.54
758,-242.02,30.54
758,-242.02,30.54
758,-242.02,30.54
758,-242.02,30.54
758,-242.02,30.54
758,-242.02,30.54
758,-242.02,30.54
758,-242.02,30.54
758,-242.02,30.54
758,-242.02,30.54
758,-242.02,30.54
758,-242.02,30.51
758,-242.02,30.58
758,-242.02,30.54
758,-242.02,30.54
758,-242.02,30.54
758,-242.02,30.54
758,-242.02,30.54
757,-242.02,30.54
758,-242.02,30.58
758,-242.02,30.54
758,-242.02,30.54
758,-242.02,30.54
758,-242.02,30.54
758,-242.02,30.54
758,-242.02,30.54
758,-242.02,30.54
758,-242.02,30.54
758,-242.02,30.54
758,-242.02,30.51
758,-242.02,30.54
758,-242.02,30.51
758,-242.02,30.51
758,-242.02,30.51
758,-242.02,30.54
758,-242.02,30.51
757,-242.02,30.51
758,-242.02,30.47
757,-242.02,30.47
758,-242.02,30.51
757,-242.02,30.51
757,-242.02,30.47
758,-242.02,30.47
758,-242.02,30.51
758,-242.02,30.47
758,-242.02,30.51
758,-242.02,30.51
758,-242.02,30.51
758,-242.02,30.47
758,-242.02,30.47
758,-242.02,30.51
758,-242.02,30.47
758,-242.02,30.47
758,-242.02,30.47
758,-242.02,30.44
758,-242.02,30.44
758,-242.02,30.41
758,-242.02,30.44
758,-242.02,30.44
758,-242.02,30.47
758,-242.02,30.44
758,-242.02,30.44
758,-242.02,30.44
758,-242.02,30.44
758,-242.02,30.44
758,-242.02,30.44
758,-242.02,30.41
758,-242.02,30.41
758,-242.02,30.41
758,-242.02,30.41
758,-242.02,30.41
758,-242.02,30.41
758,-242.02,30.41
758,-242.02,30.41
758,-242.02,30.41
758,-242.02,30.41
758,-242.02,30.37
758,-242.02,30.41
758,-242.02,30.41
758,-242.02,30.41
758,-242.02,30.41
758,-242.02,30.41
758,-242.02,30.37
758,-242.02,30.37
758,-242.02,30.37
758,-242.02,30.41
758,-242.02,30.37
758,-242.02,30.37
758,-242.02,30.37
758,-242.02,30.37
758,-242.02,30.37
758,-242.02,30.37
758,-242.02,30.37
758,-242.02,30.37
758,-242.02,30.37
758,-242.02,30.37
758,-242.02,30.44
758,-242.02,30.44
758,-242.02,30.44
758,-242.02,30.44
758,-242.02,30.47
758,-242.02,30.47
758,-242.02,30.47
758,-242.02,30.51
758,-242.02,30.51
758,-242.02,30.51
758,-242.02,30.51
758,-242.02,30.54
758,-242.02,30.51
758,-242.02,30.51
758,-242.02,30.47
758,-242.02,30.51
758,-242.02,30.51
758,-242.02,30.51
758,-242.02,30.47
758,-242.02,30.47
758,-242.02,30.51
758,-242.02,30.51
758,-242.02,30.47
758,-242.02,30.47
758,-242.02,30.47
758,-242.02,30.47
758,-242.02,30.47
758,-242.02,30.44
758,-242.02,30.44
758,-242.02,30.44
758,-242.02,30.44
758,-242.02,30.41
758,-242.02,30.41
758,-242.02,30.37
758,-242.02,30.37
758,-242.02,30.37
758,-242.02,30.37
758,-242.02,30.37
758,-242.02,30.41
758,-242.02,30.37
758,-242.02,30.37
758,-242.02,30.37
758,-242.02,30.37
758,-242.02,30.37
758,-242.02,30.41
758,-242.02,30.41
758,-242.02,30.41
758,-242.02,30.41
758,-242.02,30.41
758,-242.02,30.41
758,-242.02,30.41
758,-242.02,30.41
758,-242.02,30.41
758,-242.02,30.41
758,-242.02,30.44
758,-242.02,30.44
758,-242.02,30.41
758,-242.02,30.44
758,-242.02,30.41
758,-242.02,30.44
758,-242.02,30.44
758,-242.02,30.44
758,-242.02,30.44
758,-242.02,30.44
758,-242.02,30.44
758,-242.02,30.44
758,-242.02,30.44
758,-242.02,30.44
758,-242.02,30.41
758,-242.02,30.44
758,-242.02,30.44
758,-242.02,30.44
757,-242.02,30.44
758,-242.02,30.44
758,-242.02,30.41
757,-242.02,30.44
758,-242.02,30.44
758,-242.02,30.44
757,-242.02,30.44
758,-242.02,30.41
758,-242.02,30.41
758,-242.02,30.41
758,-242.02,30.41
757,-242.02,30.41
758,-242.02,30.41
758,-242.02,30.41
758,-242.02,30.37
758,-242.02,30.41
758,-242.02,30.41
758,-242.02,30.41
758,-242.02,30.37
758,-242.02,30.37
758,-242.02,30.37
758,-242.02,30.37
758,-242.02,30.37
758,-242.02,30.37
758,-242.02,30.37
758,-242.02,30.37
758,-242.02,30.37
758,-242.02,30.37
758,-242.02,30.37
758,-242.02,30.34
758,-242.02,30.37
758,-242.02,30.34
758,-242.02,30.37
758,-242.02,30.34
758,-242.02,30.37
758,-242.02,30.37
758,-242.02,30.34
758,-242.02,30.37
758,-242.02,30.37
758,-242.02,30.37
758,-242.02,30.37
758,-242.02,30.41
758,-242.02,30.37
758,-242.02,30.37
758,-242.02,30.34
758,-242.02,30.37
758,-242.02,30.37
758,-242.02,30.34
758,-242.02,30.34
758,-242.02,30.34
758,-242.02,30.34
758,-242.02,30.37
758,-242.02,30.34
758,-242.02,30.34
758,-242.02,30.34
758,-242.02,30.34
758,-242.02,30.34
758,-242.02,30.31
758,-242.02,30.34
758,-242.02,30.34
758,-242.02,30.34
758,-242.02,30.34
758,-242.02,30.34
758,-242.02,30.34
758,-242.02,30.34
758,-242.02,30.34
758,-242.02,30.37
758,-242.02,30.37
758,-242.02,30.34
758,-242.02,30.34
758,-242.02,30.34
758,-242.02,30.34
758,-242.02,30.34
758,-242.02,30.34
758,-242.02,30.31
758,-242.02,30.31
758,-242.02,30.34
758,-242.02,30.34
758,-242.02,30.31
758,-242.02,30.31
758,-242.02,30.34
758,-242.02,30.31
758,-242.02,30.31
758,-242.02,30.31
758,-242.02,30.34
758,-242.02,30.31
758,-242.02,30.34
758,-242.02,30.34
758,-242.02,30.34
758,-242.02,30.34
758,-242.02,30.34
758,-242.02,30.31
758,-242.02,30.31
758,-242.02,30.31
758,-242.02,30.31
758,-242.02,30.31
758,-242.02,30.31
758,-242.02,30.27
758,-242.02,30.31
758,-242.02,30.31
758,-242.02,30.27
758,-242.02,30.31
758,-242.02,30.27
758,-242.02,30.27
758,-242.02,30.27
758,-242.02,30.31
758,-242.02,30.31
758,-242.02,30.31
758,-242.02,30.31
757,-242.02,30.27
758,-242.02,30.27
758,-242.02,30.27
758,-242.02,30.27
758,-242.02,30.24
758,-242.02,30.24
758,-242.02,30.24
758,-242.02,30.27
758,-242.02,30.27
758,-242.02,30.27
758,-242.02,30.27
758,-242.02,30.24
758,-242.02,30.27
758,-242.02,30.27
758,-242.02,30.27
758,-242.02,30.27
758,-242.02,30.31
758,-242.02,30.27
758,-242.02,30.24
758,-242.02,30.24
758,-242.02,30.27
758,-242.02,30.24
758,-242.02,30.27
758,-242.02,30.24
758,-242.02,30.24
758,-242.02,30.24
758,-242.02,30.24
758,-242.02,30.24
758,-242.02,30.20
758,-242.02,30.24
758,-242.02,30.20
758,-242.02,30.24
758,-242.02,30.20
758,-242.02,30.20
758,-242.02,30.20
758,-242.02,30.20
758,-242.02,30.17
758,-242.02,30.17
758,-242.02,30.20
758,-242.02,30.20
758,-242.02,30.20
758,-242.02,30.24
758,-242.02,30.20
758,-242.02,30.24
758,-242.02,30.24
758,-242.02,30.24
758,-242.02,30.20
758,-242.02,30.20
758,-242.02,30.20
758,-242.02,30.20
758,-242.02,30.20
758,-242.02,30.20
758,-242.02,30.20
758,-242.02,30.20
758,-242.02,30.20
758,-242.02,30.20
758,-242.02,30.20
758,-242.02,30.24
758,-242.02,30.20
758,-242.02,30.20
758,-242.02,30.24
758,-242.02,30.27
758,-242.02,30.24
758,-242.02,30.24
758,-242.02,30.27
758,-242.02,30.31
758,-242.02,30.27
758,-242.02,30.31
758,-242.02,30.27
758,-242.02,30.31
758,-242.02,30.31
758,-242.02,30.31
758,-242.02,30.31
758,-242.02,30.31
758,-242.02,30.34
758,-242.02,30.34
758,-242.02,30.31
758,-242.02,30.34
758,-242.02,30.31
758,-242.02,30.34
758,-242.02,30.31
758,-242.02,30.34
758,-242.02,30.34
758,-242.02,30.37
758,-242.02,30.34
758,-242.02,30.34
758,-242.02,30.34
758,-242.02,30.34
758,-242.02,30.37
758,-242.02,30.37
758,-242.02,30.34
758,-242.02,30.37
758,-242.02,30.34
758,-242.02,30.34
758,-242.02,30.34
758,-242.02,30.37
758,-242.02,30.37
758,-242.02,30.37
758,-242.02,30.37
758,-242.02,30.37
758,-242.02,30.41
758,-242.02,30.41
758,-242.02,30.41
758,-242.02,30.41
758,-242.02,30.41
758,-242.02,30.41
758,-242.02,30.41
758,-242.02,30.44
758,-242.02,30.44
758,-242.02,30.41
758,-242.02,30.41
758,-242.02,30.41
758,-242.02,30.41
758,-242.02,30.41
758,-242.02,30.41
758,-242.02,30.41
758,-242.02,30.44
758,-242.02,30.41
758,-242.02,30.41
758,-242.02,30.44
758,-242.02,30.41
758,-242.02,30.44
758,-242.02,30.41
758,-242.02,30.41
758,-242.02,30.41
758,-242.02,30.41
758,-242.02,30.41
758,-242.02,30.44
758,-242.02,30.41
758,-242.02,30.41
758,-242.02,30.41
758,-242.02,30.41
758,-242.02,30.37
758,-242.02,30.41
758,-242.02,30.37
758,-242.02,30.41
758,-242.02,30.44
758,-242.02,30.41
758,-242.02,30.41
758,-242.02,30.41
758,-242.02,30.41
758,-242.02,30.44
758,-242.02,30.44
758,-242.02,30.44
758,-242.02,30.44
758,-242.02,30.44
758,-242.02,30.41
758,-242.02,30.44
758,-242.02,30.44
758,-242.02,30.44
758,-242.02,30.41
758,-242.02,30.44
758,-242.02,30.44
758,-242.02,30.41
758,-242.02,30.44
758,-242.02,30.44
758,-242.02,30.44
758,-242.02,30.44
758,-242.02,30.44
758,-242.02,30.44
758,-242.02,30.41
758,-242.02,30.47
758,-242.02,30.44
758,-242.02,30.44
758,-242.02,30.44
758,-242.02,30.41
758,-242.02,30.44
758,-242.02,30.44
758,-242.02,30.44
758,-242.02,30.44
758,-242.02,30.41
758,-242.02,30.44
758,-242.02,30.41
758,-242.02,30.41
758,-242.02,30.41
758,-242.02,30.44
758,-242.02,30.44
758,-242.02,30.44
758,-242.02,30.44
758,-242.02,30.44
758,-242.02,30.44
758,-242.02,30.41
758,-242.02,30.44
758,-242.02,30.44
758,-242.02,30.44
758,-242.02,30.44
758,-242.02,30.44
758,-242.02,30.44
758,-242.02,30.44
758,-242.02,30.41
758,-242.02,30.41
758,-242.02,30.41
758,-242.02,30.41
758,-242.02,30.41
758,-242.02,30.37
758,-242.02,30.37
758,-242.02,30.41
758,-242.02,30.41
758,-242.02,30.37
758,-242.02,30.37
758,-242.02,30.34
758,-242.02,30.34
758,-242.02,30.34
758,-242.02,30.34
758,-242.02,30.31
758,-242.02,30.34
758,-242.02,30.31
758,-242.02,30.27
758,-242.02,30.27
758,-242.02,30.27
758,-242.02,30.27
758,-242.02,30.24
758,-242.02,30.27
758,-242.02,30.24
758,-242.02,30.24
758,-242.02,30.20
758,-242.02,30.20
758,-242.02,30.20
