763,28.98,204077.31
763,28.98,204203.25
763,28.98,204455.43
763,28.98,204455.43
761,28.98,204203.25
763,28.98,204077.31
763,28.98,203699.73
762,28.98,203573.98
762,28.98,203448.32
763,28.98,203322.75
763,28.98,203071.68
763,28.98,203197.17
762,28.98,203573.98
763,28.65,203448.32
763,28.98,203448.32
762,28.98,203197.17
763,28.98,202946.28
763,28.98,202695.64
763,28.98,202445.26
763,28.65,202195.09
763,28.65,202320.15
763,28.65,202070.12
763,28.98,201945.21
763,28.65,201945.21
763,28.65,201945.21
762,28.65,201945.21
763,28.65,201945.21
763,28.65,201820.37
763,28.98,201695.56
762,28.65,201570.81
763,28.98,201321.53
762,28.65,201321.53
762,28.65,201197.00
763,28.65,201072.50
762,28.65,201072.50
763,28.65,201072.50
762,28.65,201072.50
763,28.98,201072.50
763,28.65,201072.50
763,28.98,201321.53
763,28.98,201446.15
761,28.98,201570.81
763,28.98,201820.37
762,28.98,201695.56
763,28.98,201820.37
763,28.98,202070.12
763,28.98,202320.15
763,28.98,202820.93
763,28.98,216459.85
763,28.98,225454.46
761,28.98,230271.28
763,28.98,232780.50
763,28.98,234465.48
763,28.98,235594.28
763,28.98,233621.78
763,28.98,230687.96
763,28.98,228059.12
763,28.98,225454.46
763,28.98,223009.03
763,28.98,221121.78
762,28.98,219648.00
762,28.98,218448.03
762,28.98,217385.84
763,28.98,216327.82
763,28.98,215668.68
763,28.98,215011.14
763,28.98,213962.37
763,28.98,213178.56
763,28.98,212657.28
763,28.98,212397.03
763,28.98,212007.12
763,28.98,211488.15
763,28.98,210970.23
763,28.98,210582.46
763,28.98,210195.21
762,29.32,210066.28
763,29.32,209808.56
762,29.32,209937.39
763,28.98,209679.81
763,29.32,209422.50
763,29.32,209037.01
763,28.98,208652.09
763,29.32,208523.92
763,28.98,208267.73
761,29.32,208139.73
761,29.32,208011.81
761,29.32,208011.81
761,29.32,208011.81
761,29.32,208139.73
761,29.32,207883.96
761,29.32,208011.81
761,29.32,207883.96
761,29.32,207500.71
761,29.32,207373.12
761,29.32,207118.09
761,29.32,206863.29
761,29.32,206863.29
761,29.32,206863.29
761,29.32,206863.29
761,29.32,206863.29
763,29.32,206863.29
763,28.98,206863.29
763,29.32,206863.29
763,28.98,206481.57
763,28.98,206608.75
763,28.65,206608.75
763,28.65,206736.00
763,28.65,206736.00
763,28.65,206990.65
763,28.65,207118.09
763,28.65,207245.56
763,28.65,207245.56
763,28.98,207500.71
763,28.98,207628.40
763,28.98,207500.71
763,28.98,207373.12
761,28.98,207373.12
763,28.98,207500.71
763,28.65,207628.40
762,28.98,207628.40
764,28.98,207756.15
764,28.98,207883.96
764,28.98,208395.78
764,28.98,208523.92
764,28.98,208523.92
764,28.98,208523.92
764,28.98,208523.92
764,28.98,208395.78
764,29.32,208267.73
764,29.32,208139.73
764,29.32,208267.73
764,29.32,208139.73
764,29.32,207756.15
764,29.32,207500.71
764,29.32,206990.65
764,28.98,206863.29
764,29.32,206481.57
764,29.32,205973.53
764,28.98,205593.15
764,29.32,205339.90
763,28.98,205339.90
763,28.98,205213.37
764,28.98,205086.89
764,28.98,205086.89
764,28.98,205086.89
764,28.98,205213.37
764,28.98,205213.37
764,28.98,205086.89
764,28.98,205213.37
764,28.98,205086.89
764,28.98,204960.45
764,28.98,204707.79
764,28.98,204581.56
764,28.98,204455.43
764,28.98,204077.31
764,29.32,203825.51
764,28.98,203699.73
764,28.98,203825.51
764,28.98,203951.37
764,28.98,203951.37
764,28.98,204077.31
764,28.98,203951.37
764,28.98,203951.37
764,28.65,203825.51
764,28.98,203951.37
764,28.98,204203.25
764,28.98,204077.31
764,28.98,204077.31
764,28.65,203951.37
764,28.98,204203.25
764,28.98,204329.31
764,28.98,204329.31
764,28.98,204581.56
764,28.65,204581.56
764,28.65,204455.43
764,28.65,204581.56
764,28.65,204329.31
764,28.65,204203.25
764,28.31,204077.31
764,28.65,203825.51
764,28.31,203951.37
764,28.65,203951.37
764,28.65,204077.31
764,28.65,204455.43
764,28.65,204707.79
764,28.65,204581.56
764,28.65,204581.56
764,28.65,204581.56
764,28.65,204707.79
764,28.65,204834.12
764,28.65,204834.12
764,28.98,205213.37
764,28.65,205466.48
764,28.98,205466.48
764,28.98,205339.90
764,28.98,205213.37
764,28.98,205339.90
764,28.98,205466.48
764,28.98,205719.89
764,28.98,205846.71
764,28.65,205973.53
764,28.65,205719.89
764,28.65,205846.71
764,28.65,206227.45
764,28.65,206481.57
764,28.65,206736.00
764,28.65,206990.65
764,28.65,206990.65
764,28.65,206990.65
764,28.65,206863.29
764,28.65,206990.65
764,28.65,207118.09
764,28.65,207118.09
764,28.65,206863.29
764,28.65,207118.09
764,28.65,207373.12
764,28.65,207500.71
764,28.31,207756.15
764,28.31,207628.40
764,28.31,207500.71
764,28.31,207628.40
764,28.31,207756.15
764,28.31,208011.81
764,28.31,208267.73
764,28.31,208011.81
764,28.31,207756.15
764,27.97,207628.40
764,28.31,207500.71
764,28.31,207245.56
764,28.31,207245.56
764,28.31,207373.12
764,27.97,207500.71
764,27.97,207500.71
764,28.31,207756.15
764,27.97,208011.81
764,27.97,208139.73
764,28.31,208395.78
764,28.31,208523.92
764,28.31,208780.34
764,28.31,208908.65
764,28.31,208908.65
764,28.31,208780.34
764,28.31,208780.34
764,28.31,208908.65
764,28.31,209037.01
764,28.31,209293.93
764,28.65,209293.93
764,28.31,209293.93
764,28.65,209551.15
764,28.65,209165.43
764,28.65,209037.01
764,28.98,208908.65
764,28.65,208523.92
764,28.65,208267.73
764,28.98,207756.15
764,28.65,207628.40
764,28.98,207373.12
764,28.98,207245.56
764,28.98,207245.56
764,28.98,207118.09
764,28.98,206736.00
764,28.98,206481.57
764,28.98,206227.45
764,28.98,206354.50
764,28.98,206100.43
764,28.98,206100.43
764,28.98,205973.53
764,28.98,206100.43
764,28.98,206354.50
764,28.98,206354.50
763,28.65,206481.57
763,28.98,206481.57
763,28.98,206608.75
764,28.65,206863.29
764,28.65,206990.65
764,28.65,207118.09
764,28.65,207118.09
764,28.65,206990.65
764,28.65,206863.29
764,28.65,206736.00
764,28.98,207245.56
764,28.65,207373.12
764,28.65,207373.12
764,28.65,206990.65
764,28.65,206863.29
764,28.65,206736.00
764,28.65,206736.00
764,28.31,206736.00
764,28.31,206736.00
764,28.65,206736.00
764,28.65,206863.29
764,28.65,206863.29
764,28.31,206863.29
764,28.65,207245.56
764,28.65,207500.71
764,28.65,207756.15
764,28.65,208011.81
764,28.65,208395.78
764,28.65,208395.78
764,28.98,208523.92
764,28.98,208395.78
764,28.98,208523.92
764,28.65,208139.73
764,28.98,208267.73
764,28.65,208139.73
764,28.98,208267.73
764,28.98,208267.73
764,28.98,208267.73
764,28.98,208267.73
764,28.98,208267.73
764,28.98,208267.73
764,28.98,208267.73
764,28.98,208011.81
764,28.98,207883.96
764,28.98,207500.71
764,29.32,207500.71
764,29.32,207500.71
764,28.98,207118.09
764,29.32,206863.29
764,29.32,206354.50
764,28.98,206100.43
764,29.32,205593.15
764,28.98,205213.37
764,28.98,204960.45
764,28.98,204707.79
764,28.98,204834.12
764,28.65,204834.12
764,28.98,204707.79
764,28.98,204329.31
764,28.98,204203.25
764,28.65,204077.31
764,28.65,204329.31
764,28.31,204329.31
764,28.65,204329.31
764,28.31,204203.25
764,28.65,204203.25
764,28.65,204203.25
764,28.65,204203.25
764,28.65,204203.25
764,28.65,204077.31
764,28.65,204329.31
764,28.65,204581.56
764,28.65,204707.79
764,28.65,204455.43
764,28.65,204581.56
764,28.65,204834.12
764,28.65,204834.12
764,28.65,205086.89
764,28.65,205339.90
764,28.65,205339.90
764,28.65,205339.90
764,28.65,205339.90
764,28.65,205466.48
764,28.65,205466.48
764,28.65,205593.15
764,28.65,205719.89
764,28.98,205719.89
764,28.65,205593.15
764,28.98,205593.15
764,28.65,205719.89
764,28.98,205719.89
764,28.98,205846.71
764,28.98,205719.89
764,28.98,205593.15
764,28.98,205339.90
764,28.98,205086.89
764,28.98,204834.12
764,28.98,204581.56
764,28.98,204329.31
764,28.98,204329.31
764,29.32,204203.25
764,29.32,204203.25
764,28.98,204203.25
764,28.98,204581.56
764,28.98,204707.79
764,28.98,205213.37
764,28.98,205339.90
764,28.65,205719.89
764,28.65,206354.50
764,28.65,206863.29
764,28.65,207245.56
764,28.31,207373.12
764,28.65,207500.71
764,28.65,207628.40
764,28.31,207883.96
764,28.31,208267.73
764,28.31,208395.78
764,28.31,208652.09
764,28.31,209037.01
764,28.31,209165.43
764,28.31,209165.43
763,27.97,209293.93
764,28.31,209422.50
764,27.97,209422.50
764,27.97,209679.81
764,27.97,209808.56
764,27.63,210066.28
763,27.63,210324.23
764,27.63,210582.46
764,27.63,210840.90
763,27.63,211099.59
764,27.63,211358.59
764,27.63,211617.82
764,27.63,212137.03
764,27.97,212397.03
764,27.97,212787.48
764,27.63,213048.14
764,27.97,213048.14
764,27.63,213309.01
764,27.97,213439.56
764,27.97,213700.85
764,27.97,213700.85
764,27.63,213700.85
764,27.63,213700.85
764,27.63,213439.56
764,27.63,213309.01
764,27.63,213048.14
764,27.63,212917.78
764,27.63,212917.78
764,27.63,212787.48
764,27.63,212527.14
764,27.63,212267.00
764,27.63,212137.03
764,27.63,211877.31
764,27.63,211747.53
764,27.63,211617.82
764,27.63,211617.82
764,27.63,211877.31
764,27.63,211877.31
764,27.63,212137.03
764,27.63,212527.14
764,27.63,212267.00
764,27.63,212137.03
764,27.63,212267.00
764,27.63,212527.14
764,27.63,212657.28
764,27.63,212397.03
764,27.63,212267.00
764,27.63,212267.00
764,27.63,212137.03
764,27.63,212137.03
764,27.63,212137.03
764,27.63,212267.00
764,27.97,212397.03
764,27.63,212397.03
764,27.63,212397.03
764,27.97,212527.14
764,27.63,212527.14
764,27.63,212527.14
764,27.63,212657.28
764,27.63,212917.78
764,27.63,213048.14
764,27.97,212917.78
764,27.63,212917.78
764,27.97,212917.78
764,27.63,213178.56
764,27.63,213178.56
764,27.63,213439.56
764,27.63,213700.85
764,27.29,213439.56
764,27.63,213309.01
764,27.63,213439.56
764,27.63,213309.01
764,27.63,213309.01
764,27.63,213570.18
764,27.63,214093.26
764,27.63,214224.18
764,27.63,214486.26
764,27.63,214486.26
764,27.63,214486.26
764,27.63,214355.15
764,27.63,214224.18
764,27.97,213962.37
764,27.97,213700.85
764,27.97,213700.85
764,27.97,213570.18
764,27.97,213570.18
764,27.63,213700.85
764,27.63,213700.85
764,27.63,213831.60
764,27.97,214224.18
764,27.97,214486.26
764,27.97,214617.34
764,27.97,214617.34
764,27.97,214617.34
764,27.63,214617.34
764,27.63,214748.54
764,27.63,214748.54
764,27.97,214617.34
764,27.97,214486.26
764,27.97,214748.54
764,27.63,214879.81
764,27.63,215142.50
764,27.63,215405.43
764,27.63,215405.43
764,27.63,215273.93
764,27.63,215273.93
764,27.63,215537.01
764,27.63,215273.93
764,27.63,215273.93
764,27.29,214879.81
764,27.63,214617.34
764,27.63,214617.34
764,27.63,214355.15
764,27.63,213962.37
764,27.63,213700.85
764,27.63,213178.56
764,27.63,212917.78
764,27.63,212657.28
764,27.97,212397.03
764,27.97,212267.00
764,27.97,212397.03
764,27.97,212527.14
764,27.97,212657.28
764,27.97,212917.78
764,27.97,213309.01
764,27.97,213570.18
764,27.97,214224.18
764,27.63,214879.81
764,27.63,215273.93
764,27.63,215537.01
764,27.63,215668.68
764,27.63,215932.12
764,27.63,216063.95
764,27.63,216459.85
764,27.97,216856.32
764,27.63,217253.40
764,27.97,217518.40
764,27.63,217518.40
764,27.97,217518.40
764,27.97,217651.01
764,27.97,217518.40
764,27.97,217253.40
764,28.31,217120.96
764,27.97,216988.62
764,27.97,216724.09
764,27.97,216724.09
764,27.97,216724.09
764,28.31,216988.62
764,27.97,216988.62
764,27.97,216591.92
764,27.97,216327.82
764,27.97,216063.95
764,27.97,215932.12
764,27.97,215932.12
764,27.97,216063.95
764,27.97,216327.82
764,27.97,216459.85
764,28.31,216724.09
764,28.31,216856.32
764,27.97,217253.40
764,27.97,217385.84
764,27.97,217518.40
764,27.63,218049.25
764,27.63,218581.12
764,27.63,219114.01
764,27.63,219648.00
764,27.97,219915.35
764,27.97,220450.90
764,27.63,220853.21
764,27.63,221121.78
764,27.63,221121.78
764,27.97,221390.60
764,27.97,221390.60
764,27.63,221390.60
764,27.97,221659.67
764,27.97,221929.01
764,27.97,222198.60
764,27.97,222603.53
764,27.97,222738.62
764,28.31,222603.53
764,28.31,222738.62
764,28.31,222873.79
764,28.31,223279.68
764,28.31,223550.59
764,28.31,223821.78
764,28.31,224229.06
764,28.65,224364.98
764,28.31,224364.98
764,28.31,224500.93
764,28.65,224364.98
764,28.65,224229.06
764,28.65,224500.93
764,28.98,224636.95
764,28.65,224909.18
764,28.65,225318.06
764,28.98,225590.98
764,28.65,225454.46
764,28.65,225318.06
764,28.65,224909.18
764,28.31,224500.93
764,28.65,224229.06
764,28.31,223957.50
764,28.31,223686.15
764,28.31,223550.59
764,28.31,223415.14
764,28.31,223279.68
764,27.97,223279.68
764,27.97,223144.34
764,27.97,222873.79
764,27.97,222873.79
765,27.97,222738.62
764,27.97,222603.53
764,27.97,222603.53
764,27.97,222333.51
764,27.97,222198.60
764,27.97,221659.67
765,27.63,221525.10
764,27.63,221121.78
764,27.63,220853.21
764,27.63,220584.90
764,27.63,220316.90
764,27.63,220183.00
765,27.63,219915.35
764,27.63,219781.62
765,27.29,219648.00
765,27.63,219781.62
765,27.63,219781.62
765,27.63,219781.62
764,27.63,219648.00
765,27.63,219380.90
764,27.63,219114.01
764,27.63,218980.68
764,27.63,218847.42
765,27.63,218714.21
765,27.97,218182.09
765,27.97,217651.01
764,27.97,217385.84
764,27.97,216988.62
764,27.97,216591.92
765,27.97,216459.85
764,27.97,216195.85
765,27.97,216063.95
765,27.97,215932.12
765,27.97,215800.37
765,27.97,215800.37
764,27.97,215668.68
765,27.97,215405.43
765,27.63,215537.01
764,27.97,215537.01
765,27.63,215273.93
764,27.97,215273.93
765,27.63,215142.50
765,27.63,214879.81
765,27.63,214748.54
764,27.63,214486.26
765,27.63,214486.26
765,27.97,214486.26
764,27.97,214355.15
765,27.63,214355.15
764,27.97,214355.15
765,27.97,214355.15
764,27.97,214224.18
764,27.97,214355.15
765,27.97,214355.15
764,27.97,214224.18
765,27.97,213962.37
765,27.97,213962.37
765,27.97,213700.85
764,27.97,213178.56
765,27.97,212917.78
765,27.97,212657.28
765,27.97,212657.28
765,27.97,212397.03
765,27.97,212527.14
765,27.63,212397.03
765,27.63,212267.00
765,27.63,212267.00
765,27.63,212397.03
765,27.63,212527.14
765,27.63,212527.14
765,27.29,212527.14
765,27.63,212527.14
765,27.63,212527.14
765,27.63,212527.14
765,27.63,212397.03
765,27.29,212137.03
765,27.29,212397.03
765,27.29,212527.14
765,27.29,212657.28
764,27.63,212657.28
764,27.29,212527.14
764,27.63,212397.03
765,27.29,212137.03
765,27.63,212007.12
765,27.29,211877.31
765,27.29,211617.82
765,27.63,211617.82
765,27.29,211617.82
765,27.29,211617.82
765,27.29,211488.15
765,27.63,211488.15
765,27.29,211617.82
765,27.63,211877.31
765,27.63,212007.12
765,27.63,212267.00
765,27.63,212527.14
765,27.63,212657.28
765,27.63,212917.78
765,27.63,213048.14
765,27.63,213048.14
765,27.63,213048.14
765,27.63,213048.14
765,27.63,212787.48
765,27.63,212917.78
765,27.63,212657.28
765,27.63,212397.03
765,27.63,212007.12
765,27.63,211877.31
765,27.63,211877.31
765,27.63,211877.31
765,27.63,211877.31
765,27.63,211488.15
765,27.63,211229.07
765,27.63,211229.07
765,27.97,210840.90
765,27.97,211099.59
765,27.63,211488.15
765,27.97,211617.82
765,27.63,212137.03
765,27.63,212527.14
765,27.63,212787.48
765,27.63,213048.14
765,27.63,213439.56
765,27.63,213831.60
765,27.63,214879.81
765,27.97,215932.12
765,27.97,216327.82
765,27.97,216459.85
765,27.63,216856.32
765,27.97,217120.96
765,27.97,217518.40
765,27.97,217783.70
765,27.97,218315.04
765,27.97,218448.03
765,27.97,218182.09
765,28.31,217916.42
765,28.31,219247.43
765,28.31,219380.90
765,28.31,218980.68
765,28.31,218847.42
765,28.31,218448.03
765,27.97,217916.42
765,28.31,217783.70
765,28.31,217651.01
765,28.31,217518.40
765,28.31,217253.40
765,28.31,217120.96
765,28.31,217120.96
765,28.31,216988.62
765,28.31,216988.62
765,28.31,216856.32
765,28.31,216724.09
765,28.65,216856.32
765,28.31,217120.96
765,28.65,217253.40
765,28.65,217253.40
765,28.65,217385.84
765,28.65,217253.40
765,28.65,217385.84
765,28.65,217518.40
765,28.65,217518.40
765,28.65,217518.40
765,28.65,217518.40
765,28.65,217385.84
765,28.65,217385.84
765,28.65,217385.84
765,28.65,217651.01
765,28.65,217385.84
765,28.65,217651.01
765,28.65,217385.84
765,28.65,217120.96
765,28.65,216988.62
765,28.98,216856.32
765,28.65,216459.85
765,28.98,216063.95
765,28.98,215668.68
765,28.65,215537.01
765,28.65,215273.93
765,28.65,215405.43
765,28.65,215273.93
765,28.65,215405.43
765,28.65,215537.01
765,28.65,215405.43
764,28.31,215668.68
764,28.65,215405.43
765,28.65,215011.14
765,28.65,214748.54
765,28.65,214617.34
765,28.65,214617.34
765,28.31,214748.54
765,28.65,214748.54
765,28.65,214617.34
765,28.65,214224.18
765,28.65,213570.18
764,28.31,213439.56
765,28.65,213048.14
764,28.65,212787.48
764,28.31,212657.28
764,28.65,212527.14
765,28.31,212267.00
765,28.65,212007.12
765,28.31,211877.31
765,28.65,211747.53
765,28.65,211747.53
765,28.31,211747.53
765,28.65,211617.82
764,28.31,211358.59
763,28.65,211358.59
764,28.65,211229.07
763,28.65,210970.23
763,28.98,210970.23
763,28.98,210840.90
763,28.98,210840.90
763,28.98,210711.62
764,28.98,210970.23
764,28.65,210970.23
764,28.65,210970.23
764,28.65,210840.90
764,28.65,210840.90
763,28.31,210711.62
763,28.31,210582.46
763,28.65,210453.29
764,28.65,210066.28
764,28.65,209937.39
764,28.31,209808.56
763,28.31,209679.81
764,28.65,209937.39
764,28.31,209679.81
764,28.31,209422.50
764,28.31,209037.01
764,28.31,208523.92
764,28.31,208267.73
764,28.31,207756.15
764,28.65,207628.40
764,28.31,206990.65
764,28.31,206608.75
764,28.31,206354.50
764,28.31,206227.45
764,27.97,206100.43
764,28.31,205846.71
764,27.97,205466.48
764,27.97,205213.37
764,27.63,204960.45
764,27.63,205213.37
763,27.63,205339.90
764,27.63,205086.89
764,27.29,204707.79
764,27.63,204455.43
764,27.63,203951.37
764,27.29,203573.98
764,27.63,203071.68
764,27.29,203071.68
764,27.29,202820.93
764,27.29,202570.40
764,27.29,202445.26
764,27.29,202445.26
764,27.29,202445.26
764,27.29,202320.15
764,27.29,202195.09
764,27.29,202320.15
764,27.29,202070.12
764,26.95,202195.09
764,26.95,201945.21
764,26.95,201945.21
764,26.95,201570.81
764,26.95,201446.15
764,26.95,201197.00
764,26.95,201197.00
764,26.95,201197.00
764,26.95,201197.00
764,26.95,201446.15
764,26.95,201820.37
764,26.95,201945.21
764,26.61,201945.21
764,26.61,201945.21
764,26.61,201820.37
764,26.95,201695.56
764,26.95,201446.15
764,26.95,201321.53
764,27.29,201072.50
764,26.95,200948.09
764,27.29,200948.09
764,26.95,200948.09
764,27.29,201197.00
763,27.29,201446.15
764,27.29,201570.81
764,27.29,201695.56
764,27.29,201695.56
764,27.29,201446.15
764,27.29,201197.00
764,27.63,201197.00
764,27.63,201197.00
764,27.63,201321.53
764,27.63,201446.15
764,27.63,201570.81
764,27.63,201820.37
764,27.63,201945.21
764,27.97,201820.37
764,27.97,201945.21
762,27.97,202195.09
762,27.97,201945.21
764,27.97,201945.21
764,27.63,202070.12
764,27.97,202320.15
764,27.97,202570.40
764,27.97,202695.64
764,27.97,202695.64
764,27.97,202570.40
764,27.97,202695.64
764,27.97,202820.93
762,27.97,202570.40
763,27.97,202695.64
763,27.97,202445.26
764,27.97,202445.26
764,27.63,202320.15
763,27.97,201945.21
764,27.97,201570.81
763,27.97,201321.53
762,27.97,201072.50
764,27.97,200823.75
764,27.97,200575.21
764,28.31,200202.84
763,29.32,199831.06
763,31.36,199707.26
764,33.05,199459.85
763,33.73,199583.53
764,34.41,199459.85
763,34.75,199459.85
764,34.41,199583.53
763,33.39,199707.26
763,32.37,199707.26
764,31.69,199954.96
763,31.02,199954.96
764,30.68,200202.84
763,30.34,200202.84
762,30.34,199954.96
764,30.00,199954.96
763,30.00,200078.85
764,30.00,200078.85
764,30.00,199954.96
764,29.66,199831.06
764,29.66,199831.06
763,29.66,199831.06
764,29.66,199954.96
764,29.32,200202.84
763,29.66,200451.01
763,29.32,200699.43
754,29.32,200948.09
760,29.32,201321.53
764,29.32,201570.81
763,29.66,201695.56
764,29.32,201945.21
763,29.66,202195.09
764,29.32,202445.26
764,29.32,202695.64
763,29.32,202946.28
763,28.98,203197.17
764,28.98,203322.75
764,28.98,203322.75
764,28.98,203322.75
763,28.98,203197.17
764,28.98,203322.75
764,28.65,203573.98
764,28.98,203951.37
763,28.65,204203.25
764,28.65,204455.43
764,28.65,204581.56
764,28.65,204707.79
763,28.65,204834.12
764,28.65,204834.12
763,28.65,205213.37
763,28.65,205466.48
763,28.65,205719.89
763,28.65,205973.53
763,28.98,206227.45
763,28.65,206227.45
763,28.98,206100.43
763,28.98,205973.53
763,28.98,205973.53
764,28.98,205719.89
763,29.32,205593.15
764,29.32,205593.15
764,29.32,205339.90
764,29.32,205213.37
771,29.32,205086.89
764,29.32,204960.45
764,29.32,205086.89
763,29.32,205339.90
764,29.32,205339.90
764,29.66,205339.90
764,29.66,205339.90
764,29.32,205719.89
764,29.32,205846.71
764,29.66,205593.15
763,29.66,205339.90
762,29.66,205466.48
764,29.66,205213.37
764,29.66,205339.90
764,29.32,205466.48
764,29.32,205466.48
764,29.32,205593.15
763,29.32,205339.90
764,29.32,205466.48
764,29.32,205466.48
764,29.32,205466.48
764,29.32,205339.90
764,29.32,205339.90
764,29.66,205593.15
764,29.32,205593.15
764,29.32,205973.53
764,29.32,206100.43
764,29.32,206100.43
764,29.32,206227.45
764,29.66,205973.53
764,29.66,205846.71
764,29.66,205719.89
764,29.66,205719.89
764,29.66,205593.15
764,29.66,205466.48
764,29.66,205593.15
763,29.32,205719.89
763,29.32,205719.89
764,29.66,205846.71
764,29.32,206100.43
764,29.32,206354.50
764,29.32,206481.57
764,29.32,206608.75
764,29.32,206608.75
764,29.32,206863.29
764,29.32,206863.29
764,29.32,206990.65
762,29.32,207118.09
