762,30.71
762,30.71
762,30.78
762,30.78
762,30.75
762,30.78
762,30.78
762,30.78
762,30.78
762,30.78
762,30.78
762,30.78
762,30.78
762,30.78
762,30.81
762,30.85
762,30.85
762,30.85
762,30.85
762,30.85
762,30.88
762,30.85
762,30.85
762,30.85
762,30.88
762,30.91
762,30.91
762,30.91
762,30.91
762,30.95
762,30.95
762,30.95
762,30.98
762,31.02
762,31.02
762,31.02
762,31.02
762,31.02
762,31.05
762,31.02
762,31.02
762,31.02
762,31.02
762,30.98
762,31.02
762,31.02
762,30.98
762,31.02
762,30.98
762,30.98
762,31.02
762,31.02
762,31.05
762,31.02
762,31.05
762,31.02
762,31.02
762,31.05
762,31.05
762,31.02
762,31.02
762,31.02
762,31.05
762,31.05
762,31.05
762,31.08
762,31.05
762,31.08
762,31.08
762,31.08
762,31.12
762,31.12
762,31.12
762,31.12
762,31.15
762,31.15
762,31.15
762,31.12
762,31.15
762,31.19
762,31.19
762,31.19
762,31.19
762,31.19
762,31.22
762,31.22
762,31.22
762,31.22
762,31.22
762,31.22
762,31.25
762,31.22
762,31.25
762,31.25
762,31.25
762,31.29
762,31.29
762,31.32
762,31.29
762,31.32
762,31.32
762,31.36
762,31.36
762,31.32
762,31.36
762,31.36
762,31.36
762,31.36
762,31.36
762,31.36
762,31.36
762,31.36
762,31.36
762,31.36
762,31.36
762,31.39
762,31.36
762,31.36
762,31.36
762,31.36
762,31.39
762,31.36
762,31.39
762,31.36
762,31.36
762,31.36
762,31.36
762,31.32
762,31.32
762,31.36
762,31.39
762,31.36
762,31.39
762,31.39
762,31.39
762,31.39
762,31.39
762,31.39
762,31.39
762,31.39
762,31.39
762,31.39
762,31.39
762,31.36
762,31.36
762,31.32
762,31.36
762,31.39
762,31.36
762,31.39
762,31.36
762,31.39
762,31.36
762,31.39
762,31.39
762,31.39
762,31.39
762,31.39
762,31.36
762,31.39
762,31.36
762,31.36
762,31.36
762,31.36
762,31.39
762,31.36
762,31.39
762,31.39
762,31.39
762,31.39
762,31.39
762,31.39
762,31.32
762,31.32
762,31.32
762,31.25
762,31.25
762,31.25
762,31.22
762,31.22
762,31.19
762,31.19
762,31.19
762,31.15
762,31.15
762,31.15
762,31.12
762,31.15
762,31.12
762,31.08
762,31.08
762,31.12
762,31.12
762,31.08
762,31.08
762,31.08
762,31.05
762,31.05
762,31.08
762,31.08
762,31.08
762,31.08
762,31.05
762,31.08
762,31.08
762,31.05
762,31.08
762,31.05
762,31.08
762,31.08
762,31.08
762,31.08
762,31.08
762,31.08
762,31.12
762,31.12
762,31.12
762,31.15
762,31.19
762,31.15
762,31.15
762,31.19
762,31.15
762,31.15
762,31.19
762,31.22
762,31.19
762,31.22
762,31.22
762,31.25
762,31.22
762,31.22
762,31.22
762,31.19
762,31.19
762,31.19
762,31.19
762,31.15
762,31.12
762,31.08
762,31.12
762,31.08
762,31.12
762,31.08
762,31.08
762,31.05
762,31.05
762,31.05
762,30.98
762,30.98
762,30.95
762,30.95
762,30.91
762,30.88
762,30.88
762,30.81
762,30.81
762,30.78
762,30.75
762,30.75
762,30.75
762,30.75
762,30.75
762,30.75
762,30.75
762,30.75
762,30.75
762,30.81
762,30.78
762,30.78
762,30.75
762,30.75
762,30.71
762,30.64
762,30.64
762,30.64
762,30.61
762,30.64
762,30.64
762,30.61
762,30.64
762,30.61
762,30.61
762,30.61
762,30.61
762,30.58
762,30.58
762,30.58
762,30.61
762,30.61
762,30.58
762,30.61
762,30.61
762,30.58
762,30.58
762,30.54
762,30.51
762,30.47
762,30.47
762,30.47
762,30.44
762,30.41
762,30.41
762,30.41
762,30.41
762,30.41
762,30.41
762,30.41
762,30.44
762,30.44
762,30.44
762,30.44
762,30.41
762,30.41
762,30.41
762,30.37
762,30.37
762,30.37
762,30.34
762,30.34
762,30.31
762,30.27
762,30.24
762,30.24
762,30.20
762,30.17
762,30.14
762,30.10
762,30.07
762,30.07
762,30.00
762,29.97
762,29.97
762,29.93
762,29.93
762,29.90
762,29.90
762,29.86
762,29.86
762,29.83
762,29.80
762,29.83
762,29.80
762,29.80
762,29.80
762,29.80
762,29.73
762,29.76
762,29.76
762,29.76
762,29.76
762,29.80
762,29.80
762,29.80
762,29.83
762,29.83
762,29.83
762,29.83
762,29.86
762,29.90
762,29.93
762,29.93
762,29.93
762,29.93
762,29.93
762,29.97
762,29.97
762,29.97
762,30.00
762,30.03
762,30.03
762,30.03
762,30.07
762,30.10
762,30.10
762,30.14
762,30.10
762,30.14
762,30.17
762,30.20
762,30.24
762,30.27
762,30.34
762,30.37
762,30.44
762,30.47
762,30.51
762,30.54
762,30.61
762,30.64
762,30.68
762,30.71
762,30.78
762,30.85
762,30.85
762,30.88
762,30.91
762,30.91
762,30.98
762,31.02
762,31.02
762,31.08
762,31.08
762,31.12
762,31.12
762,31.12
762,31.08
762,31.08
762,31.05
762,31.02
762,31.05
762,31.02
762,31.02
762,30.98
762,30.98
762,31.02
762,31.02
762,31.02
762,31.02
762,31.02
762,31.02
762,31.02
762,31.02
762,30.98
762,30.95
762,30.91
762,30.88
762,30.81
762,30.71
762,30.68
762,30.61
762,30.54
762,30.47
762,30.44
762,30.41
762,30.34
762,30.31
762,30.31
762,30.27
762,30.24
762,30.20
762,30.14
762,30.07
762,30.00
762,29.97
762,29.90
762,29.90
762,29.86
762,29.80
762,29.80
762,29.76
762,29.73
762,29.73
762,29.73
762,29.73
762,29.76
762,29.80
762,29.83
762,29.83
762,29.86
762,29.90
762,29.93
762,29.97
762,30.00
762,30.00
762,30.03
762,30.10
762,30.07
762,30.10
762,30.10
762,30.14
762,30.17
762,30.14
762,30.14
762,30.17
762,30.17
762,30.17
762,30.17
762,30.20
762,30.20
762,30.24
762,30.24
762,30.24
762,30.27
762,30.31
762,30.31
762,30.31
762,30.31
762,30.31
762,30.34
762,30.34
762,30.34
762,30.34
762,30.37
762,30.34
762,30.37
762,30.37
762,30.37
762,30.37
762,30.37
762,30.37
762,30.37
762,30.37
762,30.37
762,30.37
762,30.37
762,30.37
762,30.37
762,30.44
762,30.41
762,30.41
762,30.44
762,30.44
762,30.44
762,30.44
762,30.47
762,30.47
762,30.47
762,30.51
762,30.51
762,30.54
762,30.54
762,30.58
762,30.61
762,30.61
762,30.64
762,30.64
762,30.64
762,30.68
762,30.71
762,30.71
762,30.71
762,30.75
762,30.78
762,30.78
762,30.78
762,30.78
762,30.81
762,30.85
762,30.85
762,30.85
762,30.85
762,30.85
762,30.85
762,30.88
762,30.88
762,30.85
762,30.88
762,30.91
762,30.91
762,30.91
762,30.91
762,30.91
762,30.91
762,30.95
762,30.95
762,30.95
762,30.95
762,30.95
762,30.95
762,30.95
762,30.95
762,30.98
762,30.98
762,31.02
762,30.98
762,30.98
762,31.02
762,31.02
762,30.98
762,31.02
762,31.02
762,31.02
762,31.05
762,31.02
762,31.05
762,31.05
762,31.05
762,31.05
762,31.05
762,31.05
762,31.02
762,30.98
762,30.98
762,30.95
762,30.95
762,30.88
762,30.88
762,30.85
762,30.85
762,30.81
762,30.75
762,30.71
762,30.68
762,30.68
762,30.64
762,30.64
762,30.58
762,30.54
762,30.54
762,30.51
762,30.47
762,30.51
762,30.47
762,30.51
762,30.47
762,30.47
762,30.51
762,30.51
762,30.51
762,30.44
762,30.44
762,30.44
762,30.44
762,30.44
762,30.37
762,30.31
762,30.31
762,30.27
762,30.27
762,30.24
762,30.24
762,30.20
762,30.20
762,30.20
762,30.20
762,30.20
762,30.20
762,30.20
762,30.24
762,30.24
762,30.24
762,30.24
762,30.24
762,30.24
762,30.24
762,30.20
762,30.20
762,30.14
762,30.14
762,30.14
762,30.14
762,30.07
762,30.07
762,30.07
762,30.07
762,30.07
762,30.03
762,30.07
762,30.07
762,30.07
762,30.07
762,30.07
762,30.07
762,30.03
762,30.07
762,30.07
762,30.10
762,30.10
762,30.10
762,30.10
762,30.14
762,30.10
762,30.14
762,30.14
762,30.14
762,30.17
762,30.17
762,30.17
762,30.14
762,30.14
762,30.10
762,30.17
762,30.17
762,30.14
762,30.10
762,30.07
762,30.07
762,30.07
762,30.03
762,30.00
762,30.00
762,30.00
762,29.97
762,29.93
762,29.93
762,29.93
762,29.90
762,29.86
762,29.86
762,29.86
762,29.86
762,29.83
762,29.80
762,29.80
762,29.76
762,29.70
762,29.73
762,29.73
762,29.66
762,29.63
762,29.66
762,29.63
762,29.59
762,29.59
762,29.59
762,29.56
762,29.56
762,29.53
762,29.53
762,29.56
762,29.56
762,29.59
762,29.59
762,29.63
762,29.63
762,29.66
762,29.70
762,29.70
761,29.70
762,29.70
762,29.66
762,29.73
762,29.73
762,29.76
762,29.76
762,29.80
762,29.83
762,29.86
762,29.90
762,29.90
762,29.93
762,29.93
762,29.93
762,30.00
762,30.00
762,30.03
762,30.07
762,30.10
762,30.10
762,30.14
762,30.17
762,30.20
762,30.20
762,30.20
762,30.24
762,30.24
762,30.24
762,30.24
762,30.27
762,30.27
762,30.27
762,30.31
762,30.31
762,30.34
762,30.34
762,30.34
762,30.34
762,30.37
762,30.41
762,30.41
762,30.41
762,30.41
762,30.44
762,30.44
762,30.47
762,30.47
762,30.47
762,30.47
762,30.51
762,30.51
762,30.54
762,30.54
762,30.54
762,30.54
762,30.54
762,30.51
762,30.51
762,30.54
762,30.51
762,30.51
762,30.51
762,30.47
762,30.51
762,30.51
762,30.47
762,30.47
762,30.47
762,30.47
762,30.47
762,30.47
762,30.47
762,30.47
762,30.47
762,30.47
762,30.44
762,30.41
762,30.37
762,30.34
762,30.27
762,30.31
762,30.24
762,30.20
762,30.17
762,30.20
762,30.14
762,30.14
762,30.10
762,30.10
762,30.10
762,30.14
762,30.14
762,30.14
762,30.17
762,30.17
762,30.14
762,30.20
762,30.24
762,30.20
762,30.24
762,30.27
762,30.27
762,30.31
762,30.31
762,30.31
762,30.31
762,30.34
762,30.31
762,30.34
762,30.31
762,30.34
762,30.34
762,30.34
762,30.34
762,30.34
762,30.34
762,30.31
762,30.31
762,30.34
762,30.31
762,30.34
762,30.31
762,30.34
762,30.34
762,30.34
762,30.34
762,30.34
762,30.31
762,30.34
762,30.41
762,30.37
762,30.37
762,30.41
762,30.44
762,30.44
762,30.47
762,30.47
762,30.47
762,30.51
762,30.51
762,30.47
762,30.51
762,30.47
762,30.47
762,30.47
762,30.47
762,30.44
762,30.44
762,30.44
762,30.44
762,30.41
762,30.41
762,30.41
762,30.34
762,30.31
762,30.31
762,30.27
762,30.24
762,30.24
762,30.17
762,30.14
762,30.10
762,30.03
762,30.00
762,29.93
762,29.90
762,29.83
762,29.80
762,29.76
762,29.73
762,29.70
762,29.66
761,29.70
762,29.66
762,29.63
762,29.63
762,29.59
762,29.56
762,29.53
762,29.46
762,29.42
762,29.36
762,29.32
762,29.29
762,29.26
761,29.26
761,29.22
762,29.22
761,29.19
761,29.15
761,29.15
762,29.19
762,29.15
762,29.19
761,29.19
762,29.19
761,29.22
761,29.26
762,29.29
762,29.26
762,29.29
762,29.29
762,29.32
762,29.32
762,29.29
761,29.36
761,29.36
761,29.39
762,29.39
761,29.42
761,29.42
762,29.42
762,29.46
762,29.49
762,29.49
761,29.53
762,29.53
762,29.56
762,29.56
761,29.59
762,29.56
761,29.56
762,29.59
762,29.59
761,29.63
761,29.59
761,29.63
762,29.59
761,29.59
762,29.66
762,29.66
761,29.63
762,29.66
762,29.63
761,29.63
761,29.59
761,29.59
762,29.59
762,29.56
761,29.56
762,29.56
761,29.53
762,29.56
761,29.56
762,29.56
762,29.59
762,29.59
761,29.63
761,29.63
761,29.66
762,29.70
761,29.70
761,29.70
762,29.73
761,29.76
761,29.80
762,29.80
762,29.83
761,29.83
762,29.83
762,29.86
762,29.86
761,29.86
762,29.86
761,29.90
761,29.90
761,29.90
761,29.90
762,29.93
761,29.93
762,29.93
761,29.97
762,29.97
761,29.93
761,29.97
761,29.97
761,29.93
761,29.97
761,29.97
762,29.97
761,29.97
761,29.97
761,29.97
762,30.00
762,29.97
761,30.00
761,29.97
761,30.00
762,29.97
761,29.97
761,29.97
761,29.97
761,29.93
761,29.93
761,29.93
761,29.90
761,29.83
761,29.83
761,29.80
761,29.76
761,29.76
761,29.73
761,29.73
761,29.73
762,29.70
761,29.70
761,29.70
761,29.66
761,29.70
761,29.66
761,29.66
761,29.63
761,29.66
761,29.66
761,29.66
761,29.66
761,29.66
761,29.66
761,29.63
761,29.63
761,29.63
761,29.66
761,29.63
762,29.63
761,29.63
761,29.63
761,29.63
761,29.59
761,29.56
761,29.59
761,29.56
762,29.53
761,29.53
761,29.53
761,29.53
761,29.49
761,29.53
761,29.53
761,29.49
761,29.49
761,29.46
761,29.46
761,29.46
761,29.42
762,29.42
761,29.42
761,29.42
761,29.42
761,29.42
761,29.42
761,29.39
761,29.42
761,29.42
761,29.42
761,29.42
761,29.46
761,29.46
761,29.46
761,29.49
761,29.46
761,29.49
761,29.49
761,29.49
761,29.49
761,29.49
761,29.53
761,29.53
761,29.53
761,29.53
761,29.53
761,29.49
761,29.53
761,29.56
761,29.53
761,29.53
761,29.56
761,29.53
761,29.53
761,29.53
761,29.53
761,29.53
761,29.53
761,29.53
761,29.53
761,29.53
761,29.49
761,29.46
761,29.46
761,29.46
761,29.42
761,29.42
761,29.42
761,29.46
761,29.46
761,29.46
761,29.46
761,29.46
761,29.53
761,29.53
762,29.53
761,29.56
761,29.59
761,29.63
761,29.63
761,29.63
761,29.63
761,29.63
761,29.63
761,29.66
761,29.63
761,29.66
761,29.66
761,29.66
761,29.70
761,29.70
761,29.70
761,29.73
761,29.70
761,29.70
761,29.66
761,29.66
761,29.70
761,29.66
761,29.70
761,29.70
761,29.70
761,29.70
761,29.73
761,29.73
761,29.73
761,29.73
761,29.70
761,29.73
761,29.70
761,29.73
761,29.73
761,29.70
761,29.70
761,29.66
761,29.70
761,29.70
761,29.70
761,29.70
761,29.70
761,29.70
761,29.70
761,29.70
761,29.70
761,29.70
761,29.73
761,29.73
761,29.73
761,29.73
761,29.73
761,29.73
761,29.73
761,29.73
761,29.73
761,29.70
761,29.73
761,29.70
761,29.73
761,29.73
761,29.73
761,29.70
761,29.73
761,29.73
761,29.73
761,29.73
761,29.73
761,29.76
761,29.76
761,29.76
761,29.76
761,29.76
761,29.76
761,29.76
761,29.76
761,29.76
761,29.76
761,29.76
761,29.76
761,29.80
761,29.83
761,29.80
761,29.83
761,29.83
761,29.86
761,29.90
761,29.86
761,29.90
761,29.90
761,29.86
761,29.90
761,29.93
761,29.93
761,29.93
761,29.97
761,29.97
761,29.97
761,29.97
761,30.03
761,30.00
761,30.03
761,30.03
761,30.07
761,30.07
761,30.07
761,30.07
761,30.10
761,30.14
761,30.14
761,30.14
761,30.14
761,30.17
761,30.17
761,30.17
761,30.14
761,30.10
761,30.10
761,30.10
761,30.10
761,30.10
761,30.10
761,30.10
761,30.10
761,30.10
761,30.07
761,30.10
761,30.10
761,30.10
761,30.10
761,30.10
761,30.10
761,30.07
761,30.07
761,30.07
761,30.07
761,30.07
761,30.07
761,30.03
761,30.07
761,30.07
761,30.07
761,30.07
761,30.10
761,30.10
761,30.07
761,30.07
761,30.07
761,30.10
761,30.10
761,30.07
761,30.10
761,30.10
761,30.10
761,30.07
761,30.10
761,30.07
761,30.07
761,30.07
761,30.07
761,30.07
761,30.10
761,30.10
761,30.07
761,30.07
761,30.07
761,30.07
761,30.03
761,30.03
761,30.10
761,30.07
761,30.07
761,30.07
761,30.10
761,30.07
761,30.10
761,30.10
761,30.07
761,30.07
761,30.10
761,30.10
761,30.07
761,30.07
761,30.07
761,30.07
761,30.03
761,30.07
761,30.00
761,30.00
761,29.97
761,29.93
761,30.00
761,29.97
761,29.97
761,29.97
761,29.93
761,29.93
761,29.90
761,29.90
761,29.86
761,29.86
761,29.90
761,29.86
761,29.90
761,29.86
761,29.86
761,29.83
761,29.86
761,29.83
761,29.83
761,29.83
761,29.83
761,29.83
761,29.83
761,29.83
761,29.80
761,29.86
761,29.83
761,29.86
761,29.86
761,29.90
761,29.93
761,29.93
761,29.93
761,29.93
761,29.93
761,29.97
761,30.00
761,29.97
761,30.00
761,30.03
761,30.00
761,30.03
761,30.07
761,30.07
761,30.07
761,30.07
761,30.07
761,30.07
761,30.10
761,30.10
761,30.10
761,30.10
761,30.10
761,30.10
761,30.10
761,30.07
761,30.10
761,30.07
761,30.03
761,30.07
761,30.07
761,30.03
761,30.00
761,30.00
761,30.00
761,30.00
761,30.00
761,30.03
761,29.97
761,29.97
761,30.00
761,29.97
761,29.97
761,29.97
761,29.93
761,29.97
761,29.90
761,29.90
761,29.90
761,29.86
761,29.86
761,29.90
761,29.86
761,29.86
761,29.83
761,29.86
761,29.86
761,29.86
761,29.86
761,29.86
761,29.86
761,29.90
761,29.86
761,29.86
761,29.86
761,29.86
761,29.86
761,29.90
761,29.90
761,29.86
761,29.86
761,29.86
761,29.90
761,29.86
761,29.86
761,29.86
761,29.86
761,29.86
761,29.83
761,29.83
761,29.86
761,29.83
761,29.86
761,29.86
761,29.83
761,29.83
761,29.83
761,29.80
761,29.80
761,29.80
761,29.76
761,29.80
761,29.80
761,29.80
761,29.80
761,29.80
761,29.80
761,29.80
761,29.80
761,29.83
761,29.86
761,29.86
761,29.86
761,29.83
761,29.83
761,29.83
761,29.80
761,29.83
761,29.76
761,29.76
761,29.76
761,29.76
761,29.76
761,29.73
761,29.76
761,29.73
761,29.73
761,29.73
761,29.73
761,29.73
761,29.73
761,29.76
761,29.76
761,29.76
761,29.76
761,29.80
761,29.80
761,29.80
761,29.83
761,29.80
761,29.83
761,29.83
761,29.86
761,29.83
761,29.83
761,29.86
761,29.86
761,29.86
761,29.86
761,29.86
761,29.86
761,29.86
761,29.90
761,29.86
761,29.86
761,29.86
761,29.86
761,29.90
761,29.90
761,29.93
761,29.90
761,29.86
761,29.86
761,29.86
761,29.83
761,29.86
761,29.83
761,29.83
761,29.80
761,29.83
761,29.83
761,29.80
761,29.83
761,29.83
761,29.76
761,29.73
761,29.73
761,29.76
761,29.80
761,29.80
761,29.80
761,29.83
761,29.86
761,29.86
761,29.83
761,29.86
761,29.90
761,29.86
761,29.90
761,29.90
761,29.90
761,29.90
761,29.90
761,29.90
761,29.86
761,29.90
761,29.90
761,29.90
761,29.86
761,29.90
761,29.86
761,29.90
761,29.90
761,29.90
761,29.90
761,29.90
761,29.86
761,29.86
761,29.86
761,29.86
761,29.90
761,29.90
761,29.86
761,29.86
761,29.86
761,29.83
761,29.86
761,29.90
761,29.90
761,29.90
761,29.86
761,29.86
761,29.86
761,29.86
761,29.86
761,29.86
761,29.86
761,29.90
761,29.86
761,29.86
761,29.90
761,29.90
761,29.86
761,29.86
761,29.86
761,29.90
761,29.86
761,29.90
761,29.86
761,29.86
761,29.86
761,29.86
761,29.86
761,29.86
761,29.80
761,29.80
761,29.80
761,29.80
761,29.83
761,29.83
761,29.83
761,29.86
761,29.86
761,29.83
761,29.83
761,29.83
761,29.83
761,29.83
761,29.83
761,29.83
761,29.83
761,29.83
761,29.83
761,29.83
761,29.80
761,29.80
761,29.83
761,29.83
761,29.83
761,29.80
761,29.86
761,29.86
761,29.86
761,29.90
761,29.90
761,29.90
761,29.90
761,29.90
761,29.90
761,29.90
761,29.90
761,29.90
761,29.90
761,29.90
761,29.90
761,29.86
761,29.90
761,29.86
761,29.90
761,29.90
761,29.90
761,29.93
761,29.93
761,29.90
761,29.93
761,29.93
761,29.97
761,29.97
761,29.97
761,30.00
761,29.97
761,30.03
761,30.00
761,30.07
761,30.03
761,30.03
761,30.03
761,30.03
761,30.03
761,30.03
761,30.03
761,30.03
761,30.03
761,30.03
761,30.03
761,30.03
761,30.07
761,30.07
761,30.03
761,30.03
761,30.07
761,30.10
761,30.07
761,30.07
761,30.14
761,30.14
761,30.14
761,30.17
761,30.20
761,30.17
761,30.20
761,30.20
761,30.24
761,30.27
761,30.24
761,30.27
761,30.27
761,30.27
761,30.27
761,30.31
761,30.31
761,30.27
761,30.27
761,30.27
761,30.27
761,30.31
761,30.27
761,30.27
761,30.27
761,30.27
761,30.27
761,30.27
761,30.27
761,30.27
761,30.27
761,30.27
761,30.27
761,30.24
761,30.24
761,30.20
761,30.20
761,30.20
761,30.17
761,30.17
761,30.14
761,30.14
761,30.14
761,30.14
761,30.14
761,30.17
761,30.17
761,30.17
761,30.20
761,30.20
761,30.24
761,30.24
761,30.27
761,30.27
761,30.27
761,30.27
761,30.31
761,30.27
761,30.31
761,30.31
761,30.27
761,30.27
761,30.27
761,30.27
761,30.31
761,30.27
761,30.27
761,30.27
761,30.24
761,30.27
761,30.27
761,30.27
761,30.27
761,30.27
761,30.27
761,30.24
761,30.24
761,30.24
761,30.24
761,30.24
761,30.24
761,30.20
761,30.20
761,30.17
761,30.17
761,30.14
761,30.14
761,30.14
761,30.10
761,30.07
761,30.07
761,30.07
761,30.03
761,30.03
761,30.03
761,30.00
761,30.00
761,29.97
761,29.97
761,29.97
761,29.97
761,30.00
761,30.00
761,29.97
761,29.97
761,29.97
761,29.97
761,29.97
761,29.97
761,29.97
761,30.00
761,29.97
761,30.00
761,30.00
761,30.03
761,30.03
761,30.03
761,30.07
761,30.07
761,30.07
761,30.07
761,30.07
761,30.10
761,30.07
761,30.07
761,30.07
761,30.07
761,30.10
761,30.10
761,30.10
761,30.10
761,30.10
761,30.14
761,30.14
761,30.14
761,30.14
761,30.17
761,30.14
761,30.14
761,30.17
761,30.17
761,30.20
761,30.17
761,30.20
761,30.24
761,30.24
761,30.24
761,30.27
761,30.24
761,30.27
761,30.27
761,30.27
761,30.27
761,30.27
761,30.27
761,30.31
761,30.27
761,30.27
761,30.24
761,30.24
761,30.20
761,30.20
761,30.20
761,30.17
761,30.20
761,30.17
761,30.20
761,30.20
761,30.24
761,30.24
761,30.24
761,30.27
761,30.24
761,30.27
761,30.31
761,30.31
761,30.34
761,30.34
761,30.34
761,30.37
761,30.41
761,30.41
761,30.41
761,30.41
761,30.44
761,30.47
761,30.44
761,30.47
761,30.44
761,30.44
761,30.44
761,30.47
761,30.44
761,30.44
761,30.44
761,30.37
761,30.41
761,30.41
761,30.41
761,30.41
761,30.37
761,30.34
761,30.37
761,30.37
761,30.34
761,30.31
761,30.31
761,30.27
761,30.27
761,30.27
761,30.27
761,30.27
761,30.27
761,30.24
761,30.31
761,30.27
761,30.24
761,30.24
761,30.20
761,30.20
761,30.24
761,30.20
761,30.20
761,30.24
761,30.24
761,30.20
761,30.24
761,30.24
761,30.24
761,30.24
761,30.20
761,30.24
761,30.24
761,30.27
761,30.24
761,30.20
761,30.24
761,30.20
761,30.20
761,30.17
761,30.17
761,30.17
761,30.14
761,30.14
761,30.10
761,30.10
761,30.07
761,30.10
761,30.07
761,30.03
761,30.07
761,30.03
761,29.97
761,30.03
761,30.03
761,30.03
761,30.03
761,30.00
761,30.00
761,29.97
761,29.97
761,29.97
761,29.97
761,29.97
761,29.93
761,29.97
761,29.97
761,29.97
761,30.00
761,29.97
761,29.97
761,29.93
761,29.97
761,29.97
761,29.97
761,29.97
761,30.00
761,30.00
761,30.03
761,30.03
761,30.03
761,30.03
761,30.03
761,30.07
761,30.07
761,30.10
761,30.07
761,30.10
761,30.07
761,30.10
761,30.14
761,30.14
761,30.14
761,30.10
761,30.10
761,30.10
761,30.07
761,30.10
761,30.10
761,30.10
761,30.10
761,30.07
761,30.10
761,30.14
761,30.10
761,30.07
761,30.07
761,30.03
761,30.00
761,30.03
761,30.03
761,30.03
761,30.03
761,30.00
761,30.00
761,29.97
761,29.97
761,29.97
761,29.97
761,29.93
761,29.97
761,29.93
761,29.93
761,29.93
761,29.97
761,29.93
761,29.97
761,29.93
761,29.93
761,29.93
761,29.93
761,29.93
761,29.93
761,29.93
761,29.93
761,29.93
761,29.93
761,29.93
761,29.93
761,29.93
761,29.90
761,29.86
761,29.86
761,29.90
761,29.90
761,29.90
761,29.90
761,29.90
761,29.90
761,29.90
761,29.93
761,29.97
761,29.93
761,29.93
761,29.97
761,30.03
761,30.00
761,30.03
761,30.03
761,30.07
761,30.07
761,30.10
761,30.07
761,30.10
761,30.10
761,30.14
761,30.14
761,30.17
761,30.17
761,30.17
761,30.17
761,30.17
761,30.17
761,30.17
761,30.17
761,30.17
761,30.17
761,30.14
761,30.14
761,30.14
761,30.14
761,30.10
761,30.10
761,30.10
761,30.10
761,30.07
761,30.07
761,30.03
761,30.00
761,30.00
761,30.03
761,30.00
761,30.00
761,29.97
761,29.97
761,29.93
761,29.90
761,29.90
761,29.90
761,29.93
761,29.90
761,29.90
761,29.86
761,29.83
761,29.86
761,29.80
761,29.80
761,29.80
761,29.80
761,29.80
761,29.76
761,29.76
761,29.73
761,29.73
761,29.70
761,29.73
761,29.73
761,29.66
761,29.66
761,29.66
761,29.63
761,29.59
761,29.56
761,29.56
761,29.53
761,29.49
761,29.46
761,29.46
761,29.42
761,29.39
761,29.29
761,29.29
761,29.26
761,29.26
761,29.22
761,29.19
761,29.19
761,29.19
761,29.15
761,29.15
761,29.15
761,29.15
761,29.15
761,29.15
761,29.15
761,29.15
761,29.15
761,29.15
761,29.19
761,29.19
761,29.19
761,29.15
761,29.15
761,29.15
761,29.12
761,29.15
761,29.15
761,29.15
761,29.12
761,29.15
761,29.15
761,29.09
761,29.15
761,29.12
761,29.15
761,29.15
761,29.15
761,29.15
761,29.19
761,29.19
761,29.15
761,29.22
761,29.22
761,29.22
761,29.22
761,29.22
761,29.22
761,29.29
761,29.26
761,29.26
761,29.26
761,29.29
761,29.32
761,29.32
761,29.36
761,29.32
761,29.36
761,29.36
761,29.39
761,29.39
761,29.42
761,29.39
761,29.39
761,29.42
761,29.42
761,29.46
761,29.49
761,29.49
761,29.49
761,29.49
761,29.49
761,29.56
761,29.56
761,29.59
761,29.59
761,29.59
761,29.63
761,29.63
761,29.63
761,29.63
761,29.66
761,29.66
761,29.70
761,29.70
761,29.70
761,29.73
761,29.73
761,29.73
761,29.73
761,29.76
761,29.73
761,29.73
761,29.73
761,29.76
761,29.76
761,29.80
761,29.80
761,29.80
761,29.80
761,29.80
761,29.83
761,29.83
761,29.83
761,29.86
761,29.90
761,29.90
761,29.90
761,29.93
761,29.93
761,29.93
761,29.93
761,30.00
761,30.00
761,30.00
761,30.00
761,30.00
761,30.03
761,30.00
761,30.03
761,30.00
761,29.97
761,29.97
761,29.93
761,29.90
761,29.90
761,29.86
761,29.86
761,29.86
761,29.86
761,29.86
761,29.86
761,29.86
761,29.86
761,29.86
761,29.90
761,29.90
761,29.93
761,29.93
761,29.90
761,29.90
761,29.90
761,29.93
761,29.93
761,29.97
761,29.97
761,30.00
761,30.00
761,30.03
761,30.03
761,30.03
761,30.07
761,30.10
761,30.14
761,30.17
761,30.17
761,30.20
761,30.20
761,30.24
761,30.24
761,30.24
761,30.27
761,30.27
761,30.34
761,30.31
761,30.31
761,30.31
761,30.31
761,30.31
761,30.31
761,30.34
761,30.34
761,30.34
761,30.34
761,30.31
761,30.34
761,30.37
761,30.34
761,30.37
761,30.37
761,30.41
761,30.37
761,30.37
761,30.41
761,30.34
761,30.31
761,30.31
761,30.31
761,30.27
761,30.24
761,30.20
761,30.20
761,30.20
761,30.20
761,30.17
761,30.14
761,30.14
761,30.14
761,30.14
761,30.07
761,30.07
761,30.07
761,30.07
761,30.10
761,30.07
761,30.07
761,30.07
761,30.03
761,30.03
761,30.00
761,30.03
761,30.00
761,30.00
761,30.03
761,30.00
761,30.00
761,30.03
761,30.03
761,30.07
761,30.07
761,30.07
761,30.07
761,30.07
761,30.03
761,30.07
761,30.03
761,30.07
761,30.07
761,30.07
761,30.07
761,30.07
761,30.03
761,30.03
761,30.03
761,30.03
761,29.97
761,30.00
761,29.97
761,29.97
761,29.97
761,29.97
761,29.93
761,29.93
761,29.93
761,29.90
761,29.90
761,29.93
761,29.90
761,29.86
761,29.90
761,29.90
761,29.86
761,29.86
761,29.90
761,29.93
761,29.90
761,29.93
761,29.93
761,29.93
761,29.93
761,29.93
761,29.93
761,29.90
761,29.93
761,29.93
761,29.90
761,29.90
761,29.93
761,29.93
761,29.93
761,29.93
761,29.93
761,29.93
761,29.93
761,29.93
761,29.90
761,29.93
761,29.93
761,29.93
761,29.93
761,29.93
761,29.93
761,29.93
761,29.93
761,29.97
761,29.97
761,29.97
761,29.97
761,29.93
761,29.97
761,29.97
761,30.00
761,30.00
761,30.03
761,30.03
761,30.07
761,30.03
761,30.07
761,30.07
761,30.07
761,30.10
761,30.07
761,30.10
761,30.10
761,30.10
761,30.14
761,30.14
761,30.14
761,30.14
761,30.14
761,30.14
761,30.10
761,30.10
761,30.10
761,30.10
761,30.10
761,30.07
761,30.10
761,30.10
761,30.10
761,30.07
761,30.07
761,30.10
761,30.10
761,30.10
761,30.14
761,30.14
761,30.14
761,30.17
761,30.14
761,30.14
761,30.17
761,30.14
761,30.17
761,30.17
761,30.17
761,30.17
761,30.17
761,30.17
761,30.17
761,30.20
761,30.20
761,30.17
761,30.17
761,30.17
761,30.17
761,30.17
761,30.20
761,30.17
761,30.17
761,30.17
761,30.17
761,30.17
761,30.17
761,30.17
761,30.20
761,30.20
761,30.20
761,30.20
761,30.20
761,30.24
761,30.24
761,30.24
761,30.27
761,30.27
761,30.31
761,30.27
761,30.31
761,30.31
761,30.31
761,30.31
761,30.31
761,30.34
761,30.34
761,30.34
761,30.34
761,30.34
761,30.34
761,30.34
761,30.37
761,30.37
761,30.37
761,30.37
761,30.37
761,30.37
761,30.37
761,30.34
761,30.34
761,30.37
761,30.34
761,30.31
761,30.37
761,30.34
761,30.37
761,30.34
761,30.34
761,30.34
761,30.37
761,30.34
761,30.37
761,30.37
761,30.37
761,30.37
761,30.37
761,30.37
761,30.41
761,30.41
761,30.37
761,30.37
761,30.37
761,30.34
761,30.31
761,30.31
761,30.27
761,30.27
761,30.27
761,30.20
761,30.24
761,30.20
761,30.20
761,30.20
761,30.17
761,30.17
761,30.17
761,30.14
761,30.14
761,30.14
761,30.14
761,30.14
761,30.14
761,30.14
761,30.10
761,30.10
761,30.07
761,30.10
761,30.10
761,30.10
761,30.10
761,30.07
761,30.07
761,30.07
761,30.07
761,30.07
761,30.00
761,30.00
761,30.00
761,29.97
761,29.93
761,29.97
761,29.93
761,29.90
761,29.90
761,29.90
761,29.90
761,29.90
761,29.90
761,29.86
761,29.83
761,29.86
761,29.80
761,29.83
761,29.83
761,29.83
761,29.83
761,29.80
761,29.80
761,29.80
761,29.80
761,29.80
761,29.80
761,29.76
761,29.76
761,29.76
761,29.73
761,29.73
761,29.73
761,29.73
761,29.73
761,29.73
761,29.73
761,29.70
761,29.73
761,29.73
761,29.70
761,29.66
761,29.73
761,29.73
761,29.73
761,29.73
761,29.70
761,29.70
761,29.73
761,29.73
761,29.73
761,29.73
761,29.76
761,29.73
761,29.73
761,29.73
761,29.73
761,29.70
761,29.73
761,29.73
761,29.73
761,29.73
761,29.73
761,29.76
761,29.76
761,29.73
761,29.73
761,29.73
761,29.73
761,29.70
761,29.73
761,29.73
761,29.70
761,29.70
761,29.73
761,29.70
761,29.70
761,29.70
761,29.70
761,29.66
761,29.66
761,29.70
761,29.66
761,29.66
761,29.66
761,29.66
761,29.66
761,29.70
761,29.70
761,29.66
761,29.66
761,29.63
761,29.56
761,29.56
761,29.56
761,29.56
761,29.56
761,29.56
761,29.49
761,29.46
761,29.42
761,29.42
761,29.36
761,29.39
761,29.36
761,29.36
761,29.36
761,29.32
761,29.36
761,29.36
761,29.36
761,29.32
761,29.36
761,29.32
761,29.32
761,29.32
761,29.32
761,29.29
761,29.32
761,29.32
761,29.36
761,29.36
761,29.32
761,29.32
761,29.32
761,29.32
761,29.32
761,29.29
761,29.29
761,29.29
761,29.29
761,29.29
761,29.32
761,29.36
761,29.39
761,29.39
761,29.42
761,29.42
761,29.46
761,29.46
761,29.53
761,29.53
761,29.56
761,29.59
761,29.59
761,29.63
761,29.66
761,29.66
761,29.66
761,29.70
761,29.70
761,29.73
761,29.76
761,29.76
761,29.76
761,29.80
761,29.83
761,29.83
761,29.83
761,29.83
761,29.86
761,29.86
761,29.90
761,29.90
761,29.93
761,29.90
761,29.93
761,29.90
761,29.93
761,29.97
761,29.97
761,29.93
761,29.97
761,29.97
761,29.97
761,29.97
761,29.97
761,29.97
761,29.97
761,29.97
761,29.93
761,29.93
761,29.97
761,29.97
761,29.90
761,29.93
761,29.90
761,29.90
761,29.90
761,29.90
761,29.90
761,29.90
761,29.86
761,29.90
761,29.86
761,29.86
761,29.86
761,29.90
761,29.86
761,29.90
761,29.90
761,29.90
761,29.90
761,29.90
761,29.90
761,29.90
761,29.90
761,29.90
761,29.90
761,29.86
761,29.90
761,29.90
761,29.90
761,29.90
761,29.93
761,29.90
761,29.93
761,29.93
761,29.90
761,29.86
761,29.90
761,29.86
761,29.83
761,29.83
761,29.80
761,29.76
761,29.76
761,29.73
761,29.70
761,29.66
761,29.66
761,29.66
761,29.63
761,29.59
761,29.63
761,29.59
761,29.59
761,29.59
761,29.59
761,29.56
761,29.56
761,29.56
761,29.56
761,29.56
761,29.53
761,29.46
761,29.42
761,29.42
761,29.36
761,29.36
761,29.36
761,29.36
761,29.39
761,29.36
761,29.39
761,29.39
761,29.39
761,29.42
761,29.46
761,29.46
761,29.46
761,29.49
761,29.49
761,29.49
761,29.53
761,29.56
761,29.56
761,29.56
761,29.56
761,29.59
761,29.56
761,29.53
761,29.53
761,29.49
761,29.49
761,29.49
761,29.46
761,29.42
761,29.39
761,29.39
761,29.32
761,29.26
761,29.19
761,29.09
761,29.05
761,28.98
761,28.95
761,28.85
761,28.81
761,28.75
761,28.68
761,28.58
761,28.51
761,28.48
761,28.48
761,28.44
761,28.41
761,28.37
761,28.37
761,28.31
761,28.27
761,28.27
761,28.24
761,28.27
761,28.27
761,28.24
761,28.27
761,28.27
761,28.31
761,28.34
761,28.37
761,28.34
761,28.34
761,28.37
761,28.34
761,28.41
761,28.41
761,28.44
761,28.48
761,28.48
761,28.54
761,28.58
761,28.58
761,28.61
761,28.65
761,28.68
761,28.68
761,28.71
761,28.75
761,28.75
761,28.81
761,28.81
761,28.81
761,28.81
761,28.85
761,28.88
761,28.92
761,28.92
761,28.95
761,28.98
761,29.02
761,29.02
761,29.02
761,29.05
761,29.02
761,29.05
761,29.09
761,29.12
761,29.12
761,29.15
761,29.15
761,29.15
761,29.19
761,29.22
761,29.22
761,29.26
761,29.29
761,29.29
761,29.32
761,29.36
761,29.36
761,29.39
761,29.39
761,29.42
761,29.42
761,29.42
761,29.46
761,29.49
761,29.49
761,29.49
761,29.53
761,29.56
761,29.53
761,29.56
761,29.59
761,29.63
761,29.59
761,29.63
761,29.63
761,29.63
761,29.63
761,29.63
761,29.63
761,29.63
761,29.66
761,29.66
761,29.70
761,29.70
761,29.70
761,29.70
761,29.73
761,29.73
761,29.70
761,29.73
761,29.73
761,29.73
761,29.70
761,29.70
761,29.63
761,29.66
761,29.63
761,29.59
761,29.59
761,29.59
761,29.59
761,29.56
761,29.59
761,29.59
761,29.56
761,29.56
761,29.56
761,29.56
761,29.56
761,29.56
761,29.53
761,29.49
761,29.49
761,29.46
761,29.42
761,29.39
761,29.36
761,29.36
761,29.36
761,29.29
761,29.29
761,29.29
761,29.26
761,29.26
761,29.29
761,29.29
761,29.29
761,29.29
761,29.32
761,29.32
761,29.32
761,29.32
761,29.36
761,29.36
761,29.36
761,29.39
761,29.42
761,29.42
761,29.42
761,29.42
761,29.46
761,29.46
761,29.46
761,29.53
761,29.56
761,29.59
761,29.59
761,29.63
761,29.66
761,29.66
761,29.66
761,29.70
761,29.70
761,29.70
761,29.70
761,29.70
761,29.70
761,29.70
761,29.73
761,29.73
761,29.73
761,29.73
761,29.76
761,29.76
761,29.73
761,29.73
761,29.76
761,29.73
761,29.76
761,29.76
761,29.76
761,29.80
761,29.76
761,29.80
761,29.76
761,29.80
761,29.80
761,29.76
761,29.80
761,29.80
761,29.80
761,29.80
761,29.83
761,29.80
761,29.83
761,29.83
761,29.83
761,29.86
761,29.83
761,29.83
761,29.86
761,29.86
761,29.83
761,29.86
761,29.86
761,29.90
761,29.90
761,29.90
761,29.90
761,29.86
761,29.86
761,29.86
761,29.80
761,29.83
761,29.76
761,29.76
761,29.73
761,29.70
761,29.66
761,29.63
761,29.63
761,29.63
761,29.63
761,29.56
761,29.59
761,29.56
761,29.59
761,29.56
761,29.56
761,29.56
761,29.53
761,29.53
761,29.53
761,29.49
761,29.49
761,29.53
761,29.49
761,29.46
761,29.49
761,29.49
761,29.49
761,29.49
761,29.46
761,29.46
761,29.49
761,29.49
761,29.46
761,29.46
761,29.46
761,29.46
761,29.42
761,29.39
761,29.39
761,29.36
761,29.36
761,29.36
761,29.36
761,29.32
761,29.32
761,29.29
761,29.29
761,29.29
761,29.29
761,29.26
761,29.26
761,29.29
761,29.29
761,29.26
761,29.29
761,29.29
761,29.29
761,29.29
761,29.29
761,29.32
761,29.29
761,29.36
761,29.36
761,29.36
761,29.36
761,29.36
761,29.36
761,29.32
761,29.36
761,29.32
761,29.36
761,29.36
761,29.36
761,29.36
761,29.36
761,29.36
761,29.36
761,29.36
761,29.36
761,29.32
761,29.36
761,29.36
761,29.36
761,29.36
761,29.36
761,29.36
761,29.39
761,29.36
761,29.39
761,29.36
761,29.29
761,29.32
761,29.29
761,29.29
761,29.29
761,29.32
761,29.32
761,29.26
761,29.26
761,29.26
761,29.29
761,29.29
761,29.32
761,29.32
761,29.29
761,29.29
761,29.29
761,29.32
761,29.32
761,29.36
761,29.32
761,29.36
761,29.36
761,29.36
761,29.36
761,29.36
761,29.36
761,29.36
761,29.36
761,29.36
761,29.36
761,29.36
761,29.39
761,29.42
761,29.42
761,29.42
761,29.42
761,29.42
761,29.42
761,29.46
761,29.42
761,29.46
761,29.46
761,29.49
761,29.53
761,29.53
761,29.49
761,29.53
761,29.53
761,29.53
761,29.53
761,29.56
761,29.56
761,29.53
761,29.56
761,29.56
761,29.59
761,29.56
761,29.63
761,29.66
761,29.63
761,29.66
761,29.63
761,29.66
761,29.66
761,29.70
761,29.66
761,29.66
761,29.70
761,29.70
761,29.70
761,29.66
761,29.70
761,29.70
761,29.66
761,29.70
761,29.70
761,29.73
761,29.70
761,29.70
761,29.73
761,29.73
761,29.76
761,29.70
761,29.73
761,29.73
761,29.73
761,29.76
761,29.73
761,29.76
761,29.76
761,29.80
761,29.83
761,29.83
761,29.80
761,29.83
761,29.80
761,29.80
761,29.80
761,29.76
761,29.76
761,29.76
761,29.76
761,29.76
761,29.76
761,29.76
761,29.76
761,29.76
761,29.76
761,29.80
761,29.76
761,29.76
761,29.76
761,29.76
761,29.76
761,29.76
761,29.76
761,29.73
761,29.76
761,29.73
761,29.73
761,29.73
761,29.73
761,29.73
761,29.73
761,29.73
761,29.73
761,29.70
761,29.73
761,29.73
761,29.73
761,29.73
761,29.73
761,29.73
761,29.73
761,29.73
761,29.73
761,29.70
761,29.73
761,29.70
761,29.70
761,29.70
761,29.70
761,29.70
761,29.70
761,29.73
761,29.70
761,29.70
761,29.70
761,29.70
761,29.66
761,29.66
761,29.66
761,29.66
761,29.66
761,29.66
761,29.66
761,29.63
761,29.66
761,29.63
761,29.66
761,29.63
761,29.63
761,29.63
761,29.63
761,29.63
761,29.63
761,29.59
761,29.63
761,29.59
761,29.59
761,29.59
761,29.56
761,29.49
761,29.42
761,29.42
761,29.36
761,29.32
761,29.26
761,29.26
761,29.22
761,29.22
761,29.22
761,29.19
761,29.22
761,29.22
761,29.19
761,29.19
761,29.19
761,29.19
761,29.19
761,29.22
761,29.22
761,29.26
761,29.22
761,29.22
761,29.22
761,29.22
761,29.22
761,29.19
761,29.19
761,29.22
761,29.19
761,29.19
761,29.22
761,29.19
761,29.19
761,29.22
761,29.22
761,29.22
761,29.26
761,29.29
761,29.29
761,29.32
761,29.29
761,29.32
761,29.32
761,29.32
761,29.36
761,29.36
761,29.36
761,29.36
761,29.36
761,29.36
761,29.36
761,29.36
761,29.36
761,29.36
761,29.32
761,29.36
761,29.36
761,29.36
761,29.39
761,29.39
761,29.39
761,29.39
761,29.42
761,29.42
761,29.46
761,29.46
761,29.46
761,29.49
761,29.49
761,29.53
761,29.49
761,29.53
761,29.53
761,29.53
761,29.53
761,29.53
761,29.53
761,29.53
761,29.53
761,29.53
761,29.53
761,29.53
761,29.56
761,29.56
761,29.56
761,29.59
761,29.59
761,29.59
761,29.59
761,29.63
761,29.59
761,29.63
761,29.63
761,29.59
761,29.66
761,29.66
761,29.70
761,29.70
761,29.70
761,29.73
761,29.76
761,29.70
761,29.76
761,29.73
761,29.76
761,29.80
761,29.76
761,29.80
761,29.80
761,29.83
761,29.80
761,29.80
761,29.80
761,29.80
761,29.80
761,29.80
761,29.76
761,29.76
761,29.76
761,29.80
761,29.76
761,29.80
761,29.76
761,29.80
761,29.80
761,29.80
761,29.83
761,29.80
761,29.80
761,29.76
761,29.76
761,29.80
761,29.80
761,29.76
761,29.83
761,29.76
761,29.80
761,29.80
761,29.80
761,29.80
761,29.80
761,29.76
761,29.80
761,29.76
761,29.80
761,29.80
761,29.76
761,29.76
761,29.76
761,29.73
761,29.73
761,29.73
761,29.73
761,29.70
761,29.66
761,29.66
761,29.63
761,29.63
761,29.59
761,29.63
761,29.59
761,29.59
761,29.63
761,29.59
761,29.63
761,29.59
761,29.59
761,29.59
761,29.63
761,29.59
761,29.59
761,29.66
761,29.63
761,29.66
761,29.66
761,29.66
761,29.70
761,29.73
761,29.73
761,29.76
761,29.73
761,29.76
761,29.80
761,29.80
761,29.80
761,29.80
761,29.83
761,29.83
761,29.86
761,29.86
761,29.90
761,29.90
761,29.86
761,29.86
761,29.90
761,29.90
761,29.93
761,29.93
761,29.93
761,29.93
761,29.97
761,29.97
761,29.97
761,30.00
761,30.00
761,30.00
761,30.03
761,30.03
761,30.03
761,30.07
761,30.07
761,30.07
761,30.07
761,30.10
761,30.10
761,30.10
761,30.14
761,30.14
761,30.14
761,30.14
761,30.17
761,30.17
761,30.17
761,30.17
761,30.20
761,30.20
761,30.17
761,30.17
761,30.17
761,30.20
761,30.17
761,30.17
761,30.14
761,30.14
761,30.14
761,30.14
761,30.17
761,30.17
761,30.17
761,30.17
761,30.14
761,30.14
761,30.10
761,30.10
761,30.10
761,30.10
761,30.07
761,30.07
761,30.07
761,30.07
761,30.07
761,30.07
761,30.03
761,30.03
761,30.03
761,30.00
761,30.00
761,30.00
761,30.00
761,29.97
761,30.00
761,30.00
761,29.93
761,29.97
761,29.97
761,29.97
761,29.93
761,29.93
761,29.93
761,29.90
761,29.90
761,29.86
761,29.86
761,29.83
761,29.80
761,29.80
761,29.76
761,29.76
761,29.73
761,29.73
761,29.73
761,29.73
761,29.73
761,29.70
761,29.76
761,29.76
761,29.73
761,29.70
761,29.73
761,29.70
761,29.66
761,29.66
761,29.66
761,29.66
761,29.63
761,29.63
761,29.66
761,29.66
761,29.66
761,29.63
761,29.66
761,29.66
761,29.70
761,29.66
761,29.73
761,29.70
761,29.70
761,29.70
761,29.70
761,29.66
761,29.70
761,29.70
761,29.70
761,29.70
761,29.70
761,29.66
761,29.70
761,29.66
761,29.70
761,29.66
761,29.66
761,29.70
761,29.70
761,29.70
761,29.70
761,29.70
761,29.70
761,29.70
761,29.70
761,29.70
761,29.70
761,29.70
761,29.70
761,29.66
761,29.66
761,29.66
761,29.63
761,29.66
761,29.66
761,29.66
761,29.63
761,29.66
761,29.63
761,29.66
761,29.66
761,29.66
761,29.66
761,29.70
761,29.70
761,29.66
761,29.66
761,29.70
761,29.66
761,29.63
761,29.63
761,29.70
761,29.63
761,29.66
761,29.66
761,29.66
761,29.66
761,29.63
761,29.66
761,29.66
761,29.66
761,29.63
761,29.63
761,29.63
761,29.59
761,29.56
761,29.53
761,29.46
761,29.42
761,29.36
761,29.32
761,29.32
761,29.26
761,29.22
761,29.19
761,29.15
761,29.09
761,29.09
761,29.09
761,29.09
761,29.05
761,29.09
761,29.09
761,29.09
761,29.12
761,29.12
761,29.12
761,29.15
761,29.15
761,29.22
761,29.19
761,29.22
761,29.26
761,29.22
761,29.26
761,29.26
761,29.26
761,29.26
761,29.26
761,29.26
761,29.26
761,29.26
761,29.29
761,29.29
761,29.29
761,29.32
761,29.29
761,29.29
761,29.32
761,29.29
761,29.29
761,29.29
761,29.29
761,29.29
761,29.32
761,29.32
761,29.29
761,29.29
761,29.26
761,29.26
761,29.22
761,29.19
761,29.15
761,29.15
761,29.15
761,29.12
761,29.19
761,29.12
761,29.19
761,29.19
761,29.22
761,29.22
761,29.22
761,29.26
761,29.26
761,29.26
761,29.29
761,29.29
761,29.32
761,29.36
761,29.39
761,29.39
761,29.42
761,29.42
761,29.46
761,29.46
761,29.49
761,29.49
761,29.53
761,29.56
761,29.56
761,29.56
761,29.59
761,29.59
761,29.59
761,29.63
761,29.63
761,29.66
761,29.66
761,29.70
761,29.70
761,29.70
761,29.70
761,29.73
761,29.73
761,29.73
761,29.76
761,29.76
761,29.80
761,29.76
761,29.76
761,29.76
761,29.73
761,29.76
761,29.73
761,29.73
761,29.73
761,29.76
761,29.76
761,29.76
761,29.73
761,29.80
761,29.76
761,29.73
761,29.76
761,29.76
761,29.76
761,29.76
761,29.76
761,29.76
761,29.73
761,29.70
761,29.70
761,29.66
761,29.63
761,29.63
761,29.59
761,29.59
761,29.56
761,29.59
761,29.59
761,29.56
761,29.56
761,29.59
761,29.59
761,29.59
761,29.59
761,29.59
761,29.59
761,29.59
761,29.59
761,29.63
761,29.59
761,29.59
761,29.59
761,29.53
761,29.49
761,29.49
761,29.49
761,29.46
761,29.46
761,29.46
761,29.46
761,29.46
761,29.46
761,29.42
761,29.42
761,29.46
761,29.49
761,29.46
761,29.46
761,29.49
761,29.46
761,29.49
761,29.49
761,29.49
761,29.49
761,29.53
761,29.49
761,29.49
761,29.49
761,29.49
761,29.49
761,29.49
761,29.49
761,29.49
761,29.49
761,29.46
761,29.46
761,29.46
761,29.46
761,29.46
761,29.42
761,29.39
761,29.36
761,29.32
761,29.32
761,29.26
761,29.26
761,29.26
761,29.22
761,29.22
761,29.22
761,29.22
761,29.22
761,29.22
761,29.22
761,29.19
761,29.19
761,29.26
761,29.19
761,29.15
761,29.15
761,29.12
761,29.12
761,29.12
761,29.09
761,29.05
761,29.02
761,29.02
761,29.02
761,29.02
761,29.05
761,29.02
761,29.02
761,28.98
761,29.02
761,29.02
761,29.02
761,29.02
761,28.98
761,28.98
761,28.98
761,28.98
761,28.98
761,29.02
761,29.05
761,29.05
761,29.05
761,29.09
761,29.09
761,29.09
761,29.09
761,29.05
761,29.09
761,29.09
761,29.15
761,29.12
761,29.15
761,29.15
761,29.19
761,29.19
761,29.19
761,29.19
761,29.19
761,29.15
761,29.15
761,29.19
761,29.19
761,29.19
761,29.19
761,29.22
761,29.19
761,29.22
761,29.22
761,29.19
761,29.19
761,29.19
761,29.19
761,29.22
761,29.22
761,29.26
761,29.26
761,29.29
761,29.29
761,29.29
761,29.32
761,29.36
761,29.36
761,29.36
761,29.39
761,29.39
761,29.42
761,29.46
761,29.46
761,29.49
761,29.49
761,29.49
761,29.49
761,29.53
761,29.53
761,29.49
761,29.49
761,29.46
761,29.46
761,29.49
761,29.49
761,29.49
761,29.49
761,29.49
761,29.49
761,29.49
761,29.49
761,29.49
761,29.53
761,29.46
761,29.42
761,29.46
761,29.42
761,29.46
761,29.46
761,29.46
761,29.49
761,29.49
761,29.46
761,29.49
761,29.49
761,29.53
761,29.56
761,29.56
761,29.53
761,29.59
761,29.59
761,29.59
761,29.63
761,29.63
761,29.63
761,29.63
761,29.59
761,29.63
761,29.63
761,29.63
761,29.66
761,29.66
761,29.66
761,29.70
761,29.66
761,29.70
761,29.70
761,29.73
761,29.80
761,29.76
761,29.80
761,29.83
761,29.80
761,29.83
761,29.80
761,29.83
761,29.83
761,29.83
761,29.83
761,29.83
761,29.83
761,29.83
761,29.83
761,29.83
761,29.83
761,29.86
761,29.86
761,29.86
761,29.90
761,29.93
761,29.90
761,29.90
761,29.90
761,29.93
761,29.93
761,29.93
761,29.93
761,29.93
761,29.97
761,29.93
761,29.93
761,29.90
761,29.90
761,29.86
761,29.86
761,29.83
761,29.83
761,29.80
761,29.80
761,29.80
761,29.80
761,29.80
761,29.80
761,29.83
761,29.80
761,29.80
761,29.83
761,29.86
761,29.83
761,29.83
761,29.83
761,29.86
761,29.86
761,29.90
761,29.90
761,29.93
761,29.93
761,29.97
761,29.97
761,30.00
761,30.00
761,29.97
761,30.00
761,30.00
761,30.00
761,30.00
761,30.00
761,29.97
761,30.00
761,30.00
761,30.03
761,30.03
761,30.03
761,30.03
761,30.03
761,30.07
761,30.07
761,30.07
761,30.03
761,30.07
761,30.10
761,30.10
761,30.03
761,30.03
761,30.03
761,30.03
761,30.07
761,30.03
761,30.03
761,30.07
761,30.07
761,30.07
761,30.07
761,30.07
761,30.07
761,30.07
761,30.07
761,30.07
761,30.10
761,30.10
761,30.07
761,30.10
761,30.14
761,30.10
761,30.14
761,30.14
761,30.17
761,30.20
761,30.20
761,30.24
761,30.24
761,30.27
761,30.31
761,30.31
761,30.27
761,30.31
761,30.31
761,30.31
761,30.37
761,30.37
761,30.37
761,30.37
761,30.41
761,30.44
761,30.44
761,30.47
761,30.51
761,30.47
761,30.51
761,30.54
761,30.54
761,30.58
761,30.54
761,30.54
761,30.54
761,30.54
761,30.51
761,30.54
761,30.54
761,30.54
761,30.54
761,30.54
761,30.58
761,30.58
761,30.58
761,30.54
761,30.54
761,30.51
761,30.54
761,30.51
761,30.54
761,30.54
761,30.54
761,30.54
761,30.58
761,30.58
761,30.58
761,30.61
761,30.64
761,30.61
761,30.64
761,30.68
761,30.68
761,30.71
761,30.71
761,30.75
761,30.75
761,30.75
761,30.75
761,30.71
761,30.68
761,30.71
761,30.71
761,30.68
761,30.64
761,30.68
761,30.64
761,30.68
761,30.61
761,30.64
761,30.61
761,30.61
761,30.61
761,30.58
761,30.58
761,30.61
761,30.54
761,30.61
761,30.58
761,30.58
761,30.61
761,30.58
761,30.61
761,30.54
761,30.47
761,30.44
761,30.41
761,30.34
761,30.31
761,30.31
761,30.24
761,30.24
761,30.20
761,30.17
761,30.17
761,30.14
761,30.10
761,30.14
761,30.10
761,30.10
761,30.07
761,30.07
761,30.07
761,30.07
761,30.10
761,30.07
761,30.10
761,30.10
761,30.14
761,30.14
761,30.17
761,30.17
761,30.24
761,30.24
761,30.27
761,30.31
761,30.34
761,30.34
761,30.37
761,30.41
761,30.41
761,30.44
761,30.47
761,30.51
761,30.51
761,30.54
761,30.58
761,30.58
761,30.61
761,30.64
761,30.61
761,30.64
761,30.68
761,30.68
761,30.68
761,30.71
761,30.75
761,30.71
761,30.71
761,30.71
761,30.68
761,30.68
761,30.61
761,30.61
761,30.54
761,30.51
761,30.51
761,30.51
761,30.47
761,30.47
761,30.44
761,30.41
761,30.41
761,30.41
761,30.41
761,30.41
761,30.41
761,30.44
761,30.44
761,30.44
761,30.47
761,30.51
761,30.54
761,30.54
761,30.54
761,30.54
761,30.47
761,30.51
761,30.51
761,30.54
761,30.54
761,30.58
761,30.54
761,30.54
761,30.54
761,30.54
761,30.54
761,30.51
761,30.54
761,30.54
761,30.54
761,30.54
761,30.54
761,30.54
761,30.54
761,30.54
761,30.51
761,30.41
761,30.44
761,30.44
761,30.44
761,30.44
761,30.44
761,30.41
761,30.41
761,30.44
761,30.41
761,30.41
761,30.37
761,30.44
761,30.41
761,30.41
761,30.41
761,30.44
761,30.41
761,30.44
761,30.44
761,30.41
761,30.37
761,30.37
761,30.41
761,30.41
761,30.41
761,30.44
761,30.41
761,30.41
761,30.44
761,30.44
761,30.47
761,30.47
761,30.47
761,30.47
761,30.51
761,30.51
761,30.54
761,30.51
761,30.54
761,30.54
761,30.54
761,30.58
761,30.61
761,30.61
761,30.64
761,30.64
761,30.64
761,30.68
761,30.68
761,30.75
761,30.75
761,30.75
761,30.78
761,30.78
761,30.81
761,30.81
761,30.85
761,30.85
761,30.85
761,30.88
761,30.91
761,30.95
761,30.95
761,30.95
761,30.98
761,31.02
761,31.05
761,31.05
761,31.05
761,31.12
762,31.08
761,31.08
761,31.15
761,31.19
761,31.15
761,31.22
761,31.25
761,31.29
761,31.29
761,31.32
761,31.32
761,31.32
761,31.36
761,31.39
761,31.36
761,31.39
761,31.39
761,31.42
761,31.46
761,31.42
761,31.46
761,31.46
761,31.46
761,31.49
761,31.49
761,31.49
761,31.52
761,31.52
762,31.56
762,31.56
761,31.56
762,31.56
762,31.56
761,31.56
761,31.56
761,31.56
761,31.52
761,31.52
762,31.49
761,31.49
762,31.49
762,31.49
761,31.49
761,31.49
761,31.52
762,31.52
762,31.52
762,31.52
762,31.56
762,31.52
762,31.56
761,31.59
761,31.52
762,31.49
761,31.49
762,31.46
762,31.46
762,31.39
761,31.39
762,31.36
762,31.32
762,31.32
762,31.29
762,31.29
762,31.25
761,31.22
762,31.22
762,31.19
761,31.15
762,31.15
762,31.15
762,31.08
761,31.08
761,31.08
762,31.02
762,30.98
762,30.98
762,30.98
762,30.95
761,30.91
762,30.88
762,30.81
762,30.75
762,30.64
762,30.58
762,30.44
762,30.41
762,30.37
761,30.34
762,30.34
762,30.31
762,30.27
761,30.27
762,30.27
761,30.24
762,30.27
761,30.27
762,30.27
761,30.31
761,30.31
761,30.34
761,30.34
761,30.34
761,30.37
761,30.41
762,30.44
761,30.44
762,30.47
761,30.44
761,30.47
762,30.54
761,30.54
761,30.51
761,30.54
761,30.58
761,30.58
762,30.58
762,30.61
761,30.58
761,30.61
761,30.61
761,30.58
762,30.58
761,30.58
761,30.58
761,30.58
761,30.58
761,30.61
761,30.61
761,30.61
762,30.61
762,30.61
762,30.61
761,30.61
762,30.61
761,30.61
761,30.58
762,30.58
762,30.58
761,30.58
761,30.58
761,30.61
762,30.61
762,30.61
761,30.61
761,30.61
761,30.64
761,30.64
761,30.61
762,30.61
762,30.64
762,30.64
761,30.64
762,30.64
761,30.61
762,30.61
762,30.61
761,30.64
762,30.64
761,30.64
762,30.64
762,30.61
762,30.64
761,30.64
761,30.64
762,30.68
761,30.71
761,30.68
761,30.71
762,30.71
761,30.75
762,30.75
762,30.78
762,30.78
762,30.78
762,30.81
762,30.81
762,30.85
762,30.88
761,30.88
762,30.88
762,30.91
761,30.91
761,30.91
762,30.95
762,30.98
762,30.95
762,30.98
761,30.98
762,30.98
762,30.98
762,31.02
762,31.02
762,31.02
762,31.02
762,31.05
762,31.08
762,31.08
761,31.08
762,31.08
762,31.08
762,31.08
762,31.08
761,31.08
762,31.12
762,31.08
762,31.12
762,31.12
762,31.12
761,31.15
761,31.19
762,31.19
762,31.19
762,31.22
762,31.19
762,31.22
762,31.22
762,31.22
761,31.19
762,31.22
762,31.25
762,31.22
762,31.19
762,31.22
762,31.22
762,31.22
762,31.22
762,31.22
762,31.25
762,31.25
762,31.25
762,31.25
762,31.25
762,31.22
762,31.15
762,31.12
761,31.08
762,31.05
762,31.02
762,30.98
761,30.95
762,30.95
762,30.88
762,30.91
762,30.85
762,30.81
762,30.78
762,30.78
762,30.75
762,30.75
762,30.71
762,30.71
762,30.71
762,30.71
762,30.68
762,30.64
762,30.68
762,30.61
762,30.61
762,30.64
762,30.61
762,30.61
762,30.64
762,30.61
762,30.64
762,30.64
762,30.61
762,30.64
762,30.64
762,30.61
762,30.64
762,30.64
762,30.61
762,30.64
762,30.61
762,30.61
762,30.61
762,30.58
762,30.58
762,30.58
762,30.58
762,30.54
762,30.54
762,30.58
762,30.54
762,30.54
762,30.54
762,30.51
762,30.54
762,30.54
762,30.54
762,30.51
762,30.54
762,30.51
762,30.51
762,30.51
762,30.51
762,30.51
762,30.51
762,30.51
762,30.51
762,30.54
762,30.58
762,30.58
762,30.58
762,30.61
762,30.61
762,30.64
762,30.64
762,30.71
762,30.71
762,30.75
762,30.75
762,30.78
762,30.81
762,30.85
762,30.85
762,30.88
762,30.91
762,30.91
762,30.95
762,30.95
762,30.98
762,31.02
762,31.02
762,30.98
762,30.98
762,30.98
762,30.95
762,30.88
762,30.85
762,30.81
762,30.78
762,30.75
762,30.75
762,30.75
762,30.75
762,30.75
762,30.75
762,30.71
762,30.71
762,30.71
762,30.71
762,30.68
762,30.64
762,30.61
762,30.61
762,30.58
762,30.58
762,30.54
762,30.54
762,30.58
762,30.54
762,30.51
762,30.54
762,30.54
762,30.54
762,30.61
762,30.58
762,30.61
762,30.61
762,30.61
762,30.58
762,30.61
762,30.58
762,30.54
762,30.47
762,30.41
762,30.34
762,30.31
762,30.27
762,30.24
762,30.20
762,30.17
762,30.14
762,30.10
762,30.10
762,30.07
762,30.10
762,30.07
762,30.07
762,30.03
762,30.03
762,30.03
762,30.03
762,30.00
762,30.00
762,30.03
762,30.03
762,30.07
762,30.07
762,30.07
762,30.10
762,30.10
762,30.10
762,30.10
762,30.14
761,30.14
762,30.14
762,30.14
762,30.10
762,30.10
762,30.10
762,30.14
762,30.10
762,30.10
762,30.10
762,30.14
762,30.14
762,30.14
762,30.10
762,30.14
762,30.17
762,30.14
762,30.10
762,30.14
762,30.14
762,30.14
762,30.17
762,30.14
762,30.17
762,30.17
762,30.20
762,30.20
762,30.20
762,30.20
762,30.17
762,30.17
762,30.17
762,30.17
762,30.20
762,30.20
762,30.24
762,30.24
762,30.27
762,30.24
762,30.27
762,30.31
762,30.34
762,30.31
762,30.31
762,30.34
762,30.34
762,30.34
762,30.37
762,30.37
762,30.37
762,30.37
762,30.37
762,30.37
762,30.37
762,30.41
762,30.37
762,30.41
762,30.41
762,30.44
762,30.44
762,30.41
762,30.41
762,30.44
762,30.44
762,30.41
762,30.41
762,30.47
762,30.47
762,30.51
762,30.54
762,30.54
762,30.54
762,30.58
762,30.61
762,30.61
762,30.61
762,30.64
762,30.64
762,30.71
762,30.71
762,30.75
762,30.75
762,30.78
762,30.78
762,30.85
762,30.85
762,30.88
762,30.88
762,30.88
762,30.91
762,30.91
762,30.95
762,30.95
762,30.95
762,30.98
762,30.98
762,30.98
762,30.95
762,30.98
762,30.95
762,30.91
762,30.88
762,30.88
762,30.85
762,30.85
762,30.85
762,30.85
762,30.81
762,30.85
762,30.81
762,30.85
762,30.81
762,30.81
762,30.75
762,30.75
762,30.75
762,30.78
762,30.78
762,30.78
762,30.78
762,30.78
762,30.81
762,30.81
762,30.81
762,30.81
762,30.85
762,30.85
762,30.85
762,30.88
762,30.88
762,30.81
762,30.85
762,30.85
762,30.81
762,30.81
762,30.78
762,30.81
762,30.81
762,30.85
762,30.81
762,30.85
762,30.81
762,30.85
762,30.88
762,30.88
762,30.88
762,30.88
762,30.88
762,30.88
762,30.85
762,30.88
762,30.85
761,30.88
762,30.88
762,30.88
762,30.85
762,30.78
762,30.78
762,30.75
762,30.71
762,30.68
762,30.64
762,30.61
762,30.61
762,30.58
762,30.61
762,30.61
762,30.64
762,30.61
762,30.61
762,30.61
761,30.61
762,30.61
762,30.64
762,30.61
762,30.61
762,30.64
762,30.64
762,30.68
761,30.64
762,30.68
762,30.68
762,30.71
762,30.75
762,30.71
762,30.71
761,30.75
762,30.71
762,30.71
762,30.71
761,30.71
762,30.68
762,30.68
762,30.68
761,30.68
762,30.68
761,30.64
762,30.64
762,30.61
762,30.61
762,30.61
762,30.61
762,30.64
762,30.64
762,30.64
762,30.61
762,30.64
762,30.61
762,30.64
762,30.61
762,30.64
762,30.61
762,30.61
761,30.58
761,30.58
762,30.58
762,30.54
762,30.54
762,30.54
762,30.54
762,30.54
762,30.54
762,30.54
762,30.58
762,30.54
762,30.54
762,30.54
762,30.54
762,30.54
762,30.54
762,30.54
762,30.54
762,30.51
762,30.54
762,30.54
762,30.54
762,30.54
762,30.58
762,30.54
762,30.58
762,30.54
762,30.54
762,30.58
762,30.58
762,30.58
762,30.61
762,30.64
762,30.64
762,30.61
762,30.61
762,30.61
762,30.61
761,30.58
762,30.58
762,30.58
762,30.58
762,30.61
762,30.61
762,30.64
762,30.64
762,30.64
762,30.68
762,30.64
762,30.64
762,30.64
762,30.64
762,30.64
762,30.61
762,30.61
762,30.58
762,30.58
762,30.61
762,30.58
762,30.61
762,30.61
762,30.61
762,30.61
762,30.58
762,30.61
762,30.54
762,30.54
762,30.51
762,30.47
762,30.44
761,30.44
762,30.44
762,30.44
762,30.44
762,30.44
762,30.41
762,30.44
762,30.44
762,30.44
762,30.44
762,30.47
762,30.47
762,30.47
762,30.47
762,30.51
762,30.51
762,30.51
762,30.51
762,30.51
761,30.47
762,30.47
762,30.47
762,30.47
762,30.47
762,30.47
762,30.44
762,30.44
762,30.41
762,30.41
762,30.41
762,30.41
762,30.41
762,30.37
762,30.41
762,30.34
762,30.34
762,30.31
762,30.31
762,30.27
762,30.27
762,30.27
762,30.24
762,30.24
762,30.20
762,30.24
762,30.24
762,30.24
762,30.17
762,30.14
762,30.10
762,30.10
762,30.07
762,30.00
762,30.00
762,30.00
762,29.97
762,29.97
762,29.97
761,29.97
762,29.97
762,29.97
762,30.00
762,30.00
762,30.00
762,30.03
762,30.03
761,30.07
762,30.07
762,30.07
762,30.10
762,30.07
761,30.10
762,30.10
762,30.14
762,30.14
762,30.14
762,30.14
762,30.14
762,30.17
762,30.17
762,30.17
762,30.20
762,30.20
762,30.24
762,30.24
762,30.24
762,30.20
762,30.24
762,30.24
762,30.24
762,30.27
762,30.31
762,30.34
762,30.37
762,30.41
762,30.37
762,30.41
762,30.44
761,30.44
762,30.44
761,30.47
762,30.47
762,30.47
762,30.51
762,30.51
762,30.54
762,30.54
761,30.58
762,30.61
762,30.64
762,30.64
762,30.68
762,30.71
762,30.68
762,30.71
762,30.71
762,30.78
762,30.78
762,30.78
762,30.78
762,30.78
762,30.81
762,30.88
762,30.85
762,30.91
762,30.88
762,30.91
762,30.95
762,30.91
762,30.98
762,30.98
762,30.98
762,31.02
762,30.98
762,31.02
762,31.02
762,31.02
762,31.02
762,30.98
762,31.02
762,31.02
762,31.02
762,31.02
762,30.98
762,30.98
762,30.98
762,30.95
762,30.88
762,30.88
762,30.88
762,30.85
762,30.81
762,30.81
762,30.81
762,30.78
762,30.81
762,30.78
762,30.78
762,30.75
762,30.75
762,30.75
762,30.75
762,30.75
762,30.75
762,30.75
762,30.75
762,30.78
762,30.78
762,30.81
762,30.85
762,30.88
762,30.88
762,30.91
762,30.95
762,30.95
762,30.98
762,31.02
762,31.05
762,31.08
762,31.12
762,31.15
762,31.15
762,31.15
762,31.22
762,31.19
762,31.22
762,31.25
762,31.25
762,31.29
762,31.32
762,31.32
762,31.36
762,31.39
762,31.39
762,31.39
762,31.46
762,31.46
762,31.46
762,31.46
762,31.49
762,31.52
762,31.52
762,31.52
762,31.52
762,31.56
762,31.59
762,31.59
762,31.59
762,31.59
762,31.59
762,31.63
762,31.63
762,31.63
762,31.66
762,31.66
762,31.66
762,31.66
762,31.69
762,31.73
762,31.69
762,31.69
762,31.66
762,31.69
762,31.66
762,31.66
762,31.66
762,31.69
762,31.69
762,31.66
762,31.69
762,31.69
762,31.69
762,31.69
762,31.63
762,31.63
762,31.66
762,31.63
762,31.63
762,31.66
762,31.66
762,31.66
762,31.66
762,31.66
762,31.69
762,31.69
762,31.69
762,31.69
762,31.73
762,31.73
762,31.73
762,31.76
762,31.73
762,31.76
762,31.76
762,31.80
762,31.80
762,31.80
762,31.80
762,31.80
762,31.76
762,31.83
762,31.76
762,31.80
762,31.80
762,31.80
762,31.80
762,31.80
762,31.80
762,31.83
762,31.80
762,31.80
762,31.76
762,31.76
762,31.80
762,31.76
762,31.76
762,31.76
762,31.80
762,31.73
762,31.80
762,31.80
762,31.80
762,31.76
762,31.80
762,31.80
762,31.76
762,31.80
762,31.80
762,31.80
762,31.80
762,31.76
762,31.73
762,31.66
762,31.63
762,31.56
762,31.56
762,31.52
762,31.49
762,31.46
762,31.39
762,31.29
762,31.22
762,31.19
762,31.15
762,31.15
762,31.15
762,31.15
762,31.15
762,31.15
762,31.15
762,31.15
762,31.19
762,31.19
762,31.19
762,31.19
762,31.12
762,31.12
762,31.08
762,31.12
762,31.12
762,31.12
762,31.08
762,31.05
762,31.02
762,31.05
762,31.02
762,30.98
762,30.98
762,30.98
762,30.98
762,30.98
762,31.02
762,31.02
762,31.02
762,31.05
762,31.05
762,31.08
762,31.08
762,31.12
762,31.12
762,31.12
762,31.15
762,31.12
762,31.19
762,31.15
762,31.15
762,31.15
762,31.15
762,31.15
762,31.19
762,31.19
762,31.19
762,31.19
762,31.15
762,31.15
762,31.12
762,31.12
762,31.12
762,31.08
762,31.05
762,31.02
762,31.02
762,31.05
762,31.02
762,31.05
762,31.05
762,31.08
762,31.08
762,31.12
762,31.08
762,31.12
762,31.12
762,31.12
762,31.12
762,31.12
762,31.15
762,31.15
762,31.19
762,31.19
762,31.22
762,31.25
762,31.25
762,31.25
762,31.25
762,31.29
762,31.29
762,31.29
762,31.32
762,31.32
762,31.32
762,31.39
762,31.39
762,31.42
762,31.39
762,31.42
762,31.42
762,31.42
762,31.42
762,31.46
762,31.46
762,31.49
762,31.49
762,31.52
762,31.52
762,31.52
762,31.52
762,31.56
762,31.52
762,31.49
762,31.49
762,31.49
762,31.46
762,31.46
762,31.42
762,31.46
762,31.46
762,31.42
762,31.42
762,31.39
762,31.36
762,31.29
762,31.25
762,31.25
762,31.25
762,31.25
762,31.22
762,31.19
762,31.19
762,31.22
762,31.19
762,31.19
762,31.19
762,31.22
762,31.22
762,31.22
762,31.22
762,31.22
762,31.22
762,31.25
762,31.29
762,31.29
762,31.29
762,31.32
762,31.32
762,31.32
762,31.39
762,31.39
762,31.42
762,31.42
762,31.42
762,31.46
762,31.46
762,31.46
762,31.46
762,31.46
762,31.42
762,31.42
762,31.42
762,31.39
762,31.36
762,31.36
762,31.29
762,31.32
762,31.32
762,31.32
762,31.29
762,31.25
762,31.25
762,31.29
762,31.29
762,31.32
762,31.29
762,31.25
762,31.22
762,31.15
762,31.15
762,31.12
762,31.12
762,31.08
762,31.05
762,31.02
762,30.98
762,30.98
762,30.95
762,30.98
762,30.95
762,30.95
762,30.98
762,30.98
762,30.98
762,30.98
762,30.98
762,31.02
762,30.98
762,31.02
762,31.05
762,31.05
762,31.05
762,31.05
762,31.08
762,31.05
762,31.02
762,31.02
762,31.02
762,30.98
762,30.95
762,30.91
762,30.95
762,30.91
762,30.91
762,30.88
762,30.85
762,30.81
762,30.81
762,30.81
762,30.78
762,30.81
762,30.78
762,30.78
762,30.78
762,30.75
762,30.78
762,30.75
762,30.78
762,30.78
762,30.78
762,30.75
762,30.75
762,30.71
762,30.71
762,30.71
762,30.68
762,30.68
762,30.68
762,30.71
762,30.64
762,30.64
762,30.61
762,30.64
762,30.61
762,30.58
762,30.61
762,30.58
762,30.58
762,30.58
762,30.54
762,30.51
762,30.51
762,30.44
762,30.44
762,30.47
762,30.44
762,30.44
762,30.44
762,30.44
762,30.44
762,30.41
762,30.41
762,30.41
762,30.41
762,30.41
762,30.41
762,30.44
762,30.41
762,30.44
762,30.44
762,30.47
762,30.47
762,30.51
762,30.54
762,30.58
762,30.58
762,30.61
762,30.58
762,30.61
762,30.61
762,30.64
762,30.64
762,30.64
762,30.64
762,30.61
762,30.64
762,30.64
762,30.61
762,30.64
762,30.64
762,30.64
762,30.64
762,30.68
762,30.68
762,30.71
762,30.71
762,30.75
762,30.75
762,30.75
762,30.78
762,30.81
762,30.85
762,30.85
762,30.85
762,30.88
762,30.91
762,30.95
762,30.95
762,31.02
762,31.05
762,31.05
762,31.08
762,31.15
762,31.12
762,31.12
762,31.15
762,31.15
762,31.15
762,31.15
762,31.15
762,31.15
762,31.15
762,31.15
762,31.19
762,31.12
762,31.12
762,31.12
762,31.12
762,31.12
762,31.12
762,31.12
762,31.12
762,31.12
762,31.15
762,31.19
762,31.15
762,31.22
762,31.19
762,31.22
762,31.22
762,31.22
762,31.22
762,31.25
762,31.22
762,31.22
762,31.25
762,31.29
762,31.29
762,31.32
762,31.32
762,31.29
762,31.32
762,31.36
762,31.36
762,31.36
762,31.36
762,31.36
762,31.36
762,31.39
762,31.39
762,31.39
762,31.39
762,31.39
762,31.39
762,31.39
762,31.39
762,31.42
762,31.39
762,31.39
762,31.42
762,31.39
762,31.39
762,31.39
762,31.39
762,31.39
762,31.42
762,31.42
762,31.39
762,31.39
762,31.42
762,31.39
762,31.42
762,31.42
762,31.42
762,31.42
762,31.46
762,31.42
762,31.42
762,31.42
762,31.42
762,31.46
762,31.46
762,31.46
762,31.49
762,31.49
762,31.46
762,31.49
762,31.49
762,31.49
762,31.49
762,31.49
762,31.49
762,31.46
762,31.46
762,31.46
762,31.46
762,31.49
762,31.46
762,31.46
762,31.49
762,31.49
762,31.52
762,31.49
762,31.46
762,31.42
762,31.42
762,31.39
762,31.36
762,31.36
762,31.36
762,31.32
762,31.32
762,31.36
762,31.32
762,31.32
762,31.32
762,31.29
762,31.29
762,31.32
762,31.32
762,31.32
762,31.36
762,31.36
762,31.36
762,31.36
762,31.36
762,31.36
762,31.39
762,31.39
762,31.42
762,31.42
762,31.46
762,31.46
762,31.42
762,31.46
762,31.42
762,31.46
762,31.46
762,31.46
762,31.46
762,31.46
762,31.46
762,31.46
762,31.46
762,31.46
762,31.46
762,31.46
762,31.42
762,31.42
762,31.42
762,31.36
762,31.39
762,31.39
762,31.36
762,31.36
762,31.32
762,31.29
762,31.29
762,31.29
762,31.29
762,31.32
762,31.32
762,31.29
762,31.29
762,31.32
762,31.29
762,31.32
762,31.32
762,31.36
762,31.36
762,31.39
762,31.39
762,31.39
762,31.39
762,31.42
762,31.46
762,31.42
762,31.46
762,31.49
762,31.49
762,31.46
762,31.46
762,31.46
762,31.42
762,31.36
762,31.36
762,31.29
762,31.22
762,31.19
762,31.15
762,31.12
762,31.02
762,30.98
762,30.91
762,30.91
762,30.85
762,30.81
762,30.71
762,30.68
762,30.61
762,30.51
762,30.44
762,30.41
762,30.41
762,30.37
762,30.34
762,30.24
762,30.24
762,30.20
762,30.20
762,30.17
762,30.10
762,30.07
762,30.10
762,30.07
762,30.03
762,30.03
762,30.00
762,30.03
762,29.97
762,30.00
762,30.00
762,29.97
762,30.00
762,30.03
762,30.00
762,30.03
762,30.03
762,30.07
762,30.03
762,30.10
762,30.07
762,30.10
762,30.14
762,30.14
762,30.10
762,30.14
762,30.14
762,30.14
762,30.10
762,30.17
762,30.20
762,30.24
762,30.24
762,30.24
762,30.27
762,30.31
762,30.34
762,30.37
762,30.41
762,30.41
762,30.41
762,30.44
762,30.47
762,30.47
762,30.47
762,30.51
762,30.51
762,30.54
762,30.54
762,30.58
762,30.58
762,30.61
762,30.58
762,30.58
762,30.58
762,30.61
762,30.61
762,30.64
762,30.61
762,30.64
762,30.64
762,30.68
762,30.68
762,30.71
762,30.75
762,30.78
762,30.78
762,30.85
762,30.85
762,30.85
762,30.88
762,30.91
762,30.91
762,30.95
762,30.95
762,30.98
762,30.98
762,31.02
762,31.05
762,31.05
762,31.05
762,31.08
762,31.08
762,31.08
762,31.12
762,31.12
762,31.12
762,31.12
762,31.15
762,31.19
762,31.12
762,31.12
762,31.12
762,31.08
762,31.12
762,31.12
762,31.12
762,31.12
762,31.12
762,31.08
762,31.12
762,31.08
762,31.08
762,31.08
762,31.05
762,31.05
762,31.05
762,31.02
762,31.02
762,31.02
762,30.98
762,30.95
762,30.95
762,30.91
762,30.91
762,30.85
762,30.81
762,30.85
762,30.85
762,30.85
762,30.85
762,30.81
762,30.81
762,30.78
762,30.78
762,30.78
762,30.75
762,30.78
762,30.78
762,30.78
762,30.75
762,30.75
762,30.75
762,30.78
762,30.78
762,30.81
762,30.81
762,30.85
762,30.85
762,30.88
762,30.88
762,30.91
762,30.95
762,30.95
762,30.95
762,30.95
762,30.95
762,30.98
762,30.95
762,30.95
762,30.91
762,30.88
762,30.91
762,30.85
762,30.85
762,30.85
762,30.85
762,30.81
762,30.85
762,30.85
762,30.85
762,30.88
762,30.88
762,30.91
762,30.91
762,30.91
762,30.95
762,30.91
762,30.95
762,30.91
762,30.88
762,30.85
762,30.85
762,30.85
762,30.85
762,30.85
762,30.81
762,30.81
762,30.81
762,30.81
762,30.78
762,30.78
762,30.78
762,30.78
762,30.78
762,30.75
762,30.71
762,30.68
762,30.64
762,30.64
762,30.61
762,30.54
762,30.61
762,30.61
762,30.58
762,30.61
762,30.61
762,30.61
762,30.58
762,30.61
762,30.64
762,30.64
762,30.61
762,30.64
762,30.64
762,30.64
762,30.68
762,30.71
762,30.71
762,30.71
762,30.75
762,30.75
762,30.78
762,30.81
762,30.81
762,30.81
762,30.81
762,30.78
762,30.78
762,30.81
762,30.81
762,30.78
762,30.78
762,30.78
762,30.78
762,30.78
762,30.81
762,30.81
762,30.81
762,30.81
762,30.81
762,30.81
762,30.85
762,30.85
762,30.88
762,30.88
762,30.88
762,30.91
762,30.91
762,30.95
762,30.91
762,30.95
762,30.95
762,30.95
762,30.95
762,30.95
762,30.91
762,30.91
762,30.88
762,30.91
762,30.91
762,30.85
762,30.85
762,30.85
762,30.85
762,30.78
762,30.81
762,30.78
762,30.78
762,30.78
762,30.75
762,30.75
762,30.71
762,30.71
762,30.71
762,30.68
762,30.68
762,30.71
762,30.75
762,30.68
762,30.68
762,30.64
762,30.64
762,30.61
762,30.61
762,30.58
762,30.58
762,30.58
762,30.58
762,30.54
762,30.51
762,30.51
762,30.51
762,30.54
762,30.58
762,30.54
762,30.58
762,30.58
762,30.58
762,30.61
762,30.61
762,30.64
762,30.64
762,30.71
762,30.71
762,30.71
762,30.71
762,30.71
762,30.75
762,30.71
762,30.75
762,30.71
762,30.71
762,30.68
762,30.64
762,30.58
762,30.58
762,30.58
762,30.61
762,30.58
762,30.58
762,30.58
762,30.61
762,30.61
762,30.61
762,30.64
762,30.64
762,30.68
762,30.68
762,30.71
762,30.71
762,30.75
762,30.78
762,30.78
762,30.78
762,30.78
762,30.78
762,30.78
762,30.78
762,30.78
762,30.75
762,30.78
762,30.78
762,30.75
762,30.78
762,30.78
762,30.78
762,30.75
762,30.78
762,30.78
762,30.78
762,30.71
762,30.75
762,30.71
762,30.71
762,30.68
762,30.64
762,30.61
762,30.61
762,30.58
762,30.54
762,30.54
762,30.51
762,30.51
762,30.51
762,30.47
762,30.51
762,30.51
762,30.54
762,30.51
762,30.51
762,30.51
762,30.54
762,30.54
762,30.54
762,30.58
762,30.58
762,30.61
762,30.61
762,30.58
762,30.58
762,30.58
762,30.54
762,30.51
762,30.47
762,30.44
762,30.41
762,30.44
762,30.41
762,30.41
762,30.41
762,30.41
762,30.44
762,30.44
762,30.44
762,30.44
762,30.47
762,30.47
762,30.51
762,30.54
762,30.54
762,30.54
762,30.54
762,30.54
762,30.61
762,30.61
762,30.64
762,30.68
762,30.68
762,30.71
762,30.75
762,30.78
762,30.78
762,30.81
762,30.81
762,30.81
762,30.88
762,30.91
762,30.95
762,30.95
762,30.98
762,31.02
762,31.02
762,31.08
762,31.05
762,31.05
762,31.05
762,31.05
762,31.05
762,31.05
762,31.05
762,31.02
762,30.98
762,30.91
762,30.85
762,30.81
762,30.81
762,30.78
762,30.75
762,30.78
762,30.78
762,30.81
762,30.78
762,30.75
762,30.75
762,30.75
762,30.75
762,30.75
762,30.75
762,30.78
762,30.75
762,30.75
762,30.71
762,30.71
762,30.68
762,30.68
762,30.64
762,30.68
762,30.68
762,30.64
762,30.64
762,30.61
762,30.58
762,30.54
762,30.54
762,30.54
762,30.54
762,30.51
762,30.51
762,30.51
762,30.51
762,30.47
762,30.51
762,30.47
762,30.47
762,30.51
762,30.47
762,30.51
762,30.51
762,30.54
762,30.51
762,30.47
762,30.47
762,30.44
762,30.47
762,30.44
762,30.47
762,30.44
762,30.44
762,30.44
762,30.41
762,30.41
762,30.41
762,30.37
762,30.34
762,30.31
762,30.31
762,30.34
762,30.31
762,30.34
762,30.34
762,30.37
762,30.37
762,30.37
762,30.37
762,30.37
762,30.41
762,30.37
762,30.41
762,30.37
762,30.37
762,30.41
762,30.41
762,30.44
762,30.44
762,30.47
762,30.47
762,30.54
762,30.54
762,30.58
762,30.61
762,30.61
762,30.64
762,30.68
762,30.75
762,30.71
762,30.78
762,30.75
762,30.78
762,30.78
762,30.78
762,30.78
762,30.78
762,30.75
762,30.71
762,30.75
762,30.75
762,30.71
762,30.71
762,30.71
762,30.68
762,30.68
762,30.64
762,30.68
762,30.68
762,30.68
762,30.71
762,30.71
762,30.75
762,30.78
762,30.81
762,30.78
762,30.81
762,30.81
762,30.85
762,30.88
762,30.88
762,30.91
762,30.95
762,30.91
762,30.88
762,30.85
762,30.81
762,30.81
762,30.78
762,30.78
762,30.78
762,30.71
762,30.71
762,30.71
762,30.68
762,30.68
762,30.68
762,30.64
762,30.64
762,30.58
762,30.54
762,30.54
762,30.51
762,30.51
762,30.47
762,30.51
762,30.54
762,30.54
762,30.58
762,30.58
762,30.61
762,30.61
762,30.58
762,30.61
762,30.58
762,30.58
762,30.58
762,30.54
762,30.58
762,30.58
762,30.54
762,30.54
762,30.51
762,30.51
762,30.47
762,30.44
762,30.44
762,30.41
762,30.41
762,30.41
762,30.44
762,30.47
762,30.47
762,30.47
762,30.47
762,30.51
762,30.47
762,30.47
762,30.51
762,30.51
762,30.51
762,30.54
762,30.58
762,30.58
762,30.61
762,30.61
762,30.61
762,30.64
762,30.68
762,30.64
762,30.64
762,30.64
762,30.61
762,30.61
762,30.61
762,30.58
762,30.61
762,30.58
762,30.54
762,30.58
762,30.51
762,30.47
762,30.47
762,30.51
762,30.54
762,30.51
762,30.58
762,30.58
762,30.58
762,30.58
762,30.54
762,30.54
762,30.51
762,30.47
762,30.54
762,30.51
762,30.54
762,30.54
762,30.51
762,30.51
762,30.54
762,30.54
762,30.58
762,30.58
762,30.58
762,30.61
762,30.64
762,30.68
762,30.68
762,30.71
762,30.75
762,30.75
762,30.78
762,30.81
762,30.81
762,30.81
762,30.88
762,30.88
762,30.88
762,30.91
762,30.95
762,30.91
762,30.95
762,30.98
762,30.98
762,30.98
762,30.98
762,31.02
762,31.02
762,31.05
762,31.05
762,31.05
762,31.08
762,31.05
762,31.12
762,31.12
762,31.15
762,31.15
762,31.15
762,31.19
762,31.19
762,31.19
762,31.19
762,31.19
762,31.19
762,31.19
762,31.22
762,31.19
762,31.19
762,31.15
762,31.15
762,31.15
762,31.15
762,31.12
762,31.08
762,31.08
762,31.12
762,31.08
762,31.05
762,31.12
762,31.12
762,31.12
762,31.12
762,31.12
762,31.15
762,31.15
762,31.15
762,31.15
762,31.12
762,31.19
762,31.15
762,31.15
762,31.19
762,31.19
762,31.19
762,31.15
762,31.12
762,31.12
762,31.05
762,31.08
762,31.05
762,31.05
762,31.05
762,31.08
762,31.08
762,31.08
762,31.08
762,31.08
762,31.08
762,31.05
762,31.08
762,31.12
762,31.08
762,31.08
762,31.05
762,31.08
762,31.05
762,31.05
762,31.08
762,31.12
762,31.08
762,31.08
762,31.12
762,31.12
762,31.15
762,31.15
762,31.19
762,31.19
762,31.22
762,31.19
762,31.22
762,31.19
762,31.22
762,31.22
762,31.22
762,31.22
762,31.19
762,31.19
762,31.19
762,31.19
762,31.19
762,31.19
762,31.19
762,31.19
762,31.19
762,31.19
762,31.19
762,31.19
762,31.19
762,31.19
762,31.22
762,31.22
762,31.22
762,31.25
762,31.25
762,31.29
762,31.29
762,31.29
762,31.32
762,31.32
762,31.32
762,31.36
762,31.36
762,31.36
762,31.42
762,31.42
762,31.42
762,31.46
762,31.46
762,31.46
762,31.46
762,31.49
762,31.49
762,31.49
762,31.49
762,31.52
762,31.49
762,31.52
762,31.49
762,31.49
762,31.46
762,31.46
762,31.42
762,31.39
762,31.39
762,31.39
762,31.39
762,31.36
762,31.39
762,31.39
762,31.39
762,31.39
762,31.39
762,31.36
762,31.36
762,31.32
762,31.29
762,31.25
762,31.25
762,31.22
762,31.19
762,31.19
762,31.25
762,31.22
762,31.25
762,31.22
762,31.22
762,31.19
762,31.15
762,31.12
762,31.08
762,31.05
762,31.05
762,30.98
762,30.95
762,30.91
762,30.88
762,30.85
762,30.85
762,30.81
762,30.81
762,30.78
762,30.75
762,30.71
762,30.68
762,30.64
762,30.64
762,30.58
762,30.54
762,30.54
762,30.47
762,30.47
762,30.44
762,30.44
762,30.41
762,30.37
762,30.34
762,30.37
762,30.34
762,30.34
762,30.34
762,30.34
762,30.37
762,30.34
762,30.37
762,30.37
762,30.41
762,30.41
762,30.41
762,30.41
762,30.41
762,30.44
762,30.47
762,30.47
762,30.51
762,30.51
762,30.54
762,30.54
762,30.58
762,30.58
762,30.58
762,30.61
762,30.58
762,30.58
762,30.61
762,30.61
762,30.64
762,30.64
762,30.61
762,30.61
762,30.64
762,30.68
762,30.68
762,30.71
762,30.71
762,30.75
762,30.75
762,30.78
762,30.81
762,30.85
762,30.85
762,30.88
762,30.88
762,30.91
762,30.91
762,30.95
762,30.98
762,30.98
762,31.02
762,31.02
762,31.02
762,30.98
762,30.95
762,30.91
762,30.95
762,30.98
762,30.91
762,30.98
762,30.95
762,30.95
762,30.98
762,30.95
762,30.98
762,30.98
762,30.98
762,30.98
762,30.98
762,30.98
762,30.95
762,30.91
762,30.95
762,30.95
762,30.95
762,30.95
762,30.95
762,30.95
762,30.95
762,30.95
762,30.95
762,30.95
762,30.95
762,30.91
762,30.91
762,30.88
762,30.91
762,30.91
762,30.88
762,30.88
762,30.88
762,30.85
762,30.88
762,30.85
762,30.85
762,30.85
762,30.85
762,30.85
762,30.85
762,30.81
762,30.85
762,30.88
762,30.85
762,30.85
762,30.85
762,30.85
762,30.85
762,30.88
762,30.88
762,30.85
762,30.85
762,30.88
762,30.88
762,30.91
762,30.91
762,30.88
762,30.91
762,30.88
762,30.95
762,30.91
762,30.91
762,30.95
762,30.95
762,30.95
762,30.95
762,30.95
762,30.95
762,30.98
762,30.98
762,30.98
762,31.05
762,31.02
762,31.05
762,31.05
762,31.08
762,31.08
762,31.08
762,31.12
762,31.12
762,31.12
762,31.12
762,31.12
762,31.12
762,31.12
762,31.08
762,31.08
762,31.08
762,31.08
762,31.08
762,31.12
762,31.08
762,31.08
762,31.08
762,31.08
762,31.08
762,31.08
762,31.05
762,31.05
762,30.98
762,30.98
762,30.95
762,30.91
762,30.95
762,30.88
762,30.88
762,30.85
762,30.81
762,30.81
762,30.78
762,30.75
762,30.75
762,30.64
762,30.68
762,30.64
762,30.61
762,30.61
762,30.58
762,30.58
762,30.54
762,30.58
762,30.54
762,30.51
762,30.51
762,30.44
762,30.44
762,30.31
762,30.27
762,30.24
762,30.20
762,30.20
762,30.20
762,30.17
762,30.20
762,30.20
762,30.20
762,30.24
762,30.20
762,30.24
762,30.24
762,30.27
762,30.31
762,30.31
762,30.34
762,30.34
762,30.37
762,30.37
762,30.37
762,30.41
762,30.41
762,30.44
762,30.44
762,30.47
762,30.47
762,30.51
762,30.54
762,30.54
762,30.58
762,30.58
762,30.61
762,30.61
762,30.61
762,30.64
762,30.64
762,30.64
762,30.71
762,30.71
762,30.75
762,30.75
762,30.78
761,30.75
761,30.78
761,30.78
761,30.75
761,30.71
761,30.71
761,30.71
761,30.68
761,30.68
761,30.68
761,30.68
761,30.64
761,30.64
761,30.61
761,30.61
761,30.64
761,30.61
761,30.61
761,30.64
