765,30.07
764,30.07
765,30.07
765,30.10
764,30.14
764,30.14
765,30.20
764,30.20
764,30.27
764,30.27
765,30.27
764,30.31
765,30.31
764,30.34
765,30.31
764,30.31
763,30.31
764,30.34
764,30.34
764,30.34
764,30.34
764,30.34
765,30.37
765,30.37
764,30.37
764,30.41
765,30.41
764,30.44
765,30.47
765,30.51
765,30.47
765,30.51
765,30.51
765,30.54
765,30.51
765,30.54
765,30.58
765,30.58
765,30.58
765,30.61
764,30.64
766,30.64
765,30.61
765,30.64
765,30.61
765,30.61
765,30.64
765,30.64
