760,31.05
760,31.08
760,31.08
760,31.08
760,31.12
760,31.12
760,31.15
760,31.15
760,31.15
760,31.19
760,31.19
760,31.19
760,31.19
760,31.22
760,31.19
760,31.22
760,31.22
760,31.25
760,31.25
760,31.25
760,31.25
760,31.25
760,31.29
760,31.29
760,31.29
760,31.32
760,31.29
760,31.29
760,31.32
760,31.32
760,31.32
760,31.29
760,31.32
760,31.36
760,31.36
760,31.36
760,31.36
760,31.36
760,31.36
760,31.36
760,31.36
760,31.36
760,31.36
760,31.36
760,31.39
760,31.39
760,31.39
760,31.39
760,31.42
760,31.42
760,31.39
760,31.42
760,31.42
760,31.39
760,31.36
760,31.36
760,31.39
