40.818233, 14.069571, 00, 2019-06-15T08:45:03.000Z
40.818233, 14.069571, 90, 2019-06-15T08:45:03.000Z
40.818233, 14.069571, 102, 2019-06-15T08:45:03.000Z
40.818233, 14.069571, 98, 2019-06-15T08:45:03.000Z
40.818233, 14.069571, 112, 2019-06-15T08:45:03.000Z
40.818233, 14.069571, 103, 2019-06-15T08:45:03.000Z
40.818233, 14.069571, 100, 2019-06-15T08:45:03.000Z
40.818233, 14.069571, 107, 2019-06-15T08:45:03.000Z
40.818233, 14.069571, 102, 2019-06-15T08:45:03.000Z
40.818233, 14.069571, 91, 2019-06-15T08:45:03.000Z
40.818233, 14.069571, 113, 2019-06-15T08:45:03.000Z
40.818233, 14.069571, 96, 2019-06-15T08:45:03.000Z
40.818233, 14.069571, 94, 2019-06-15T08:45:03.000Z
40.818233, 14.069571, 112, 2019-06-15T08:45:03.000Z
40.818233, 14.069571, 89, 2019-06-15T08:45:03.000Z
40.818233, 14.069571, 102, 2019-06-15T08:45:03.000Z
40.818233, 14.069571, 112, 2019-06-15T08:45:03.000Z
40.818233, 14.069571, 95, 2019-06-15T08:45:03.000Z
40.818233, 14.069571, 114, 2019-06-15T08:45:03.000Z
40.818233, 14.069571, 93, 2019-06-15T08:45:03.000Z
40.818233, 14.069571, 103, 2019-06-15T08:45:03.000Z
40.818233, 14.069571, 105, 2019-06-15T08:45:03.000Z
40.818233, 14.069571, 96, 2019-06-15T08:45:03.000Z
40.818233, 14.069571, 105, 2019-06-15T08:45:03.000Z
40.818233, 14.069571, 100, 2019-06-15T08:45:03.000Z
40.818233, 14.069571, 103, 2019-06-15T08:45:03.000Z
40.818233, 14.069571, 107, 2019-06-15T08:45:03.000Z
40.818233, 14.069571, 100, 2019-06-15T08:45:03.000Z
40.818233, 14.069571, 96, 2019-06-15T08:45:03.000Z
40.818233, 14.069571, 91, 2019-06-15T08:45:03.000Z
40.818233, 14.069571, 97, 2019-06-15T08:45:03.000Z
40.818233, 14.069571, 106, 2019-06-15T08:45:03.000Z
40.818233, 14.069571, 104, 2019-06-15T08:45:03.000Z
40.818233, 14.069571, 95, 2019-06-15T08:45:03.000Z
40.818233, 14.069571, 94, 2019-06-15T08:45:03.000Z
40.818233, 14.069571, 95, 2019-06-15T08:45:03.000Z
40.818233, 14.069571, 101, 2019-06-15T08:45:03.000Z
40.818233, 14.069571, 104, 2019-06-15T08:45:03.000Z
40.818233, 14.069571, 104, 2019-06-15T08:45:03.000Z
40.818233, 14.069571, 90, 2019-06-15T08:45:03.000Z
40.818233, 14.069571, 110, 2019-06-15T08:45:03.000Z
40.818233, 14.069571, 96, 2019-06-15T08:45:03.000Z
40.818233, 14.069571, 97, 2019-06-15T08:45:03.000Z
40.818233, 14.069571, 90, 2019-06-15T08:45:03.000Z
40.818233, 14.069571, 102, 2019-06-15T08:45:03.000Z
40.818233, 14.069571, 112, 2019-06-15T08:45:03.000Z
40.818233, 14.069571, 103, 2019-06-15T08:45:03.000Z
40.818233, 14.069571, 89, 2019-06-15T08:45:03.000Z
40.818233, 14.069571, 104, 2019-06-15T08:45:03.000Z
40.818233, 14.069571, 101, 2019-06-15T08:45:03.000Z
40.818233, 14.069571, 98, 2019-06-15T08:45:03.000Z
40.818233, 14.069571, 96, 2019-06-15T08:45:03.000Z
40.818233, 14.069571, 99, 2019-06-15T08:45:03.000Z
40.818233, 14.069571, 98, 2019-06-15T08:45:03.000Z
40.818233, 14.069571, 98, 2019-06-15T08:45:03.000Z
40.818233, 14.069571, 97, 2019-06-15T08:45:03.000Z
40.818233, 14.069571, 112, 2019-06-15T08:45:03.000Z
40.818233, 14.069571, 100, 2019-06-15T08:45:03.000Z
40.818233, 14.069571, 106, 2019-06-15T08:45:03.000Z
40.818233, 14.069571, 111, 2019-06-15T08:45:03.000Z
40.818233, 14.069571, 99, 2019-06-15T08:45:03.000Z
40.818233, 14.069571, 113, 2019-06-15T08:45:03.000Z
40.818233, 14.069571, 95, 2019-06-15T08:45:03.000Z
40.818233, 14.069571, 107, 2019-06-15T08:45:03.000Z
40.818233, 14.069571, 104, 2019-06-15T08:45:03.000Z
40.818233, 14.069571, 105, 2019-06-15T08:45:03.000Z
40.818233, 14.069571, 107, 2019-06-15T08:45:03.000Z
40.818233, 14.069571, 93, 2019-06-15T08:45:03.000Z
40.818233, 14.069571, 91, 2019-06-15T08:45:03.000Z
40.818233, 14.069571, 93, 2019-06-15T08:45:03.000Z
40.818233, 14.069571, 100, 2019-06-15T08:45:03.000Z
40.818233, 14.069571, 101, 2019-06-15T08:45:03.000Z
40.818233, 14.069571, 100, 2019-06-15T08:45:03.000Z
40.818233, 14.069571, 99, 2019-06-15T08:45:03.000Z
40.818233, 14.069571, 96, 2019-06-15T08:45:03.000Z
40.818233, 14.069571, 112, 2019-06-15T08:45:03.000Z
40.818233, 14.069571, 107, 2019-06-15T08:45:03.000Z
40.818233, 14.069571, 108, 2019-06-15T08:45:03.000Z
40.818233, 14.069571, 92, 2019-06-15T08:45:03.000Z
40.818233, 14.069571, 105, 2019-06-15T08:45:03.000Z
40.818233, 14.069571, 91, 2019-06-15T08:45:03.000Z
40.818233, 14.069571, 96, 2019-06-15T08:45:03.000Z
40.818233, 14.069571, 102, 2019-06-15T08:45:03.000Z
40.818233, 14.069571, 103, 2019-06-15T08:45:03.000Z
40.818233, 14.069571, 100, 2019-06-15T08:45:03.000Z
40.818233, 14.069571, 103, 2019-06-15T08:45:03.000Z
40.818233, 14.069571, 88, 2019-06-15T08:45:03.000Z
40.818233, 14.069571, 97, 2019-06-15T08:45:03.000Z
40.818233, 14.069571, 85, 2019-06-15T08:45:03.000Z
40.818233, 14.069571, 95, 2019-06-15T08:45:03.000Z
40.818233, 14.069571, 95, 2019-06-15T08:45:03.000Z
40.818233, 14.069571, 100, 2019-06-15T08:45:03.000Z
40.818233, 14.069571, 105, 2019-06-15T08:45:03.000Z
40.818233, 14.069571, 92, 2019-06-15T08:45:03.000Z
40.818233, 14.069571, 100, 2019-06-15T08:45:03.000Z
40.818233, 14.069571, 112, 2019-06-15T08:45:03.000Z
40.818233, 14.069571, 95, 2019-06-15T08:45:03.000Z
40.818233, 14.069571, 99, 2019-06-15T08:45:03.000Z
40.818233, 14.069571, 91, 2019-06-15T08:45:03.000Z
40.818233, 14.069571, 106, 2019-06-15T08:45:03.000Z
40.818233, 14.069571, 105, 2019-06-15T08:45:03.000Z
40.818233, 14.069571, 95, 2019-06-15T08:45:03.000Z
40.818233, 14.069571, 106, 2019-06-15T08:45:03.000Z
40.818233, 14.069571, 113, 2019-06-15T08:45:03.000Z
40.818233, 14.069571, 108, 2019-06-15T08:45:03.000Z
40.818233, 14.069571, 105, 2019-06-15T08:45:03.000Z
40.818233, 14.069571, 106, 2019-06-15T08:45:03.000Z
40.818233, 14.069571, 101, 2019-06-15T08:45:03.000Z
40.818233, 14.069571, 105, 2019-06-15T08:45:03.000Z
40.818233, 14.069571, 98, 2019-06-15T08:45:03.000Z
40.818233, 14.069571, 94, 2019-06-15T08:45:03.000Z
40.818233, 14.069571, 96, 2019-06-15T08:45:03.000Z
40.818233, 14.069571, 94, 2019-06-15T08:45:03.000Z
40.818233, 14.069571, 105, 2019-06-15T08:45:03.000Z
40.818233, 14.069571, 106, 2019-06-15T08:45:03.000Z
40.818233, 14.069571, 89, 2019-06-15T08:45:03.000Z
40.818233, 14.069571, 110, 2019-06-15T08:45:03.000Z
40.818233, 14.069571, 104, 2019-06-15T08:45:03.000Z
40.818233, 14.069571, 99, 2019-06-15T08:45:03.000Z
40.818233, 14.069571, 86, 2019-06-15T08:45:03.000Z
40.818233, 14.069571, 97, 2019-06-15T08:45:03.000Z
40.818233, 14.069571, 108, 2019-06-15T08:45:03.000Z
40.818233, 14.069571, 95, 2019-06-15T08:45:03.000Z
40.818233, 14.069571, 97, 2019-06-15T08:45:03.000Z
40.818233, 14.069571, 92, 2019-06-15T08:45:03.000Z
40.818233, 14.069571, 104, 2019-06-15T08:45:03.000Z
40.818233, 14.069571, 86, 2019-06-15T08:45:03.000Z
40.818233, 14.069571, 105, 2019-06-15T08:45:03.000Z
40.818233, 14.069571, 96, 2019-06-15T08:45:03.000Z
40.818233, 14.069571, 97, 2019-06-15T08:45:03.000Z
40.818233, 14.069571, 99, 2019-06-15T08:45:03.000Z
40.818233, 14.069571, 100, 2019-06-15T08:45:03.000Z
40.818233, 14.069571, 92, 2019-06-15T08:45:03.000Z
40.818233, 14.069571, 107, 2019-06-15T08:45:03.000Z
40.818233, 14.069571, 102, 2019-06-15T08:45:03.000Z
40.818233, 14.069571, 100, 2019-06-15T08:45:03.000Z
40.818233, 14.069571, 97, 2019-06-15T08:45:03.000Z
40.818233, 14.069571, 97, 2019-06-15T08:45:03.000Z
40.818233, 14.069571, 95, 2019-06-15T08:45:03.000Z
40.818233, 14.069571, 98, 2019-06-15T08:45:03.000Z
40.818233, 14.069571, 96, 2019-06-15T08:45:03.000Z
40.818233, 14.069571, 102, 2019-06-15T08:45:03.000Z
40.818233, 14.069571, 103, 2019-06-15T08:45:03.000Z
40.818233, 14.069571, 103, 2019-06-15T08:45:03.000Z
40.818233, 14.069571, 102, 2019-06-15T08:45:03.000Z
40.818233, 14.069571, 102, 2019-06-15T08:45:03.000Z
40.818233, 14.069571, 101, 2019-06-15T08:45:03.000Z
40.818233, 14.069571, 102, 2019-06-15T08:45:03.000Z
40.818233, 14.069571, 103, 2019-06-15T08:45:03.000Z
40.818233, 14.069571, 96, 2019-06-15T08:45:03.000Z
40.818233, 14.069571, 89, 2019-06-15T08:45:03.000Z
40.818233, 14.069571, 86, 2019-06-15T08:45:03.000Z
40.818233, 14.069571, 107, 2019-06-15T08:45:03.000Z
40.818233, 14.069571, 105, 2019-06-15T08:45:03.000Z
40.818233, 14.069571, 97, 2019-06-15T08:45:03.000Z
40.818233, 14.069571, 103, 2019-06-15T08:45:03.000Z
40.818233, 14.069571, 105, 2019-06-15T08:45:03.000Z
40.818233, 14.069571, 99, 2019-06-15T08:45:03.000Z
40.818233, 14.069571, 99, 2019-06-15T08:45:03.000Z
40.818233, 14.069571, 94, 2019-06-15T08:45:03.000Z
40.818233, 14.069571, 102, 2019-06-15T08:45:03.000Z
40.818233, 14.069571, 103, 2019-06-15T08:45:03.000Z
40.818233, 14.069571, 93, 2019-06-15T08:45:03.000Z
40.818233, 14.069571, 102, 2019-06-15T08:45:03.000Z
40.818233, 14.069571, 102, 2019-06-15T08:45:03.000Z
40.818233, 14.069571, 98, 2019-06-15T08:45:03.000Z
40.818233, 14.069571, 103, 2019-06-15T08:45:03.000Z
40.818233, 14.069571, 113, 2019-06-15T08:45:03.000Z
40.818233, 14.069571, 102, 2019-06-15T08:45:03.000Z
40.818233, 14.069571, 102, 2019-06-15T08:45:03.000Z
40.818233, 14.069571, 92, 2019-06-15T08:45:03.000Z
40.818233, 14.069571, 100, 2019-06-15T08:45:03.000Z
40.818233, 14.069571, 101, 2019-06-15T08:45:03.000Z
40.818233, 14.069571, 104, 2019-06-15T08:45:03.000Z
40.818233, 14.069571, 99, 2019-06-15T08:45:03.000Z
40.818233, 14.069571, 104, 2019-06-15T08:45:03.000Z
40.818233, 14.069571, 104, 2019-06-15T08:45:03.000Z
40.818233, 14.069571, 97, 2019-06-15T08:45:03.000Z
40.818233, 14.069571, 98, 2019-06-15T08:45:03.000Z
40.818233, 14.069571, 96, 2019-06-15T08:45:03.000Z
40.818233, 14.069571, 97, 2019-06-15T08:45:03.000Z
40.818233, 14.069571, 98, 2019-06-15T08:45:03.000Z
40.818233, 14.069571, 96, 2019-06-15T08:45:03.000Z
40.818233, 14.069571, 90, 2019-06-15T08:45:03.000Z
40.818233, 14.069571, 102, 2019-06-15T08:45:03.000Z
40.818233, 14.069571, 108, 2019-06-15T08:45:03.000Z
40.818233, 14.069571, 89, 2019-06-15T08:45:03.000Z
40.818233, 14.069571, 104, 2019-06-15T08:45:03.000Z
40.818233, 14.069571, 97, 2019-06-15T08:45:03.000Z
40.818233, 14.069571, 110, 2019-06-15T08:45:03.000Z
40.818233, 14.069571, 102, 2019-06-15T08:45:03.000Z
40.818233, 14.069571, 97, 2019-06-15T08:45:03.000Z
40.818233, 14.069571, 100, 2019-06-15T08:45:03.000Z
40.818233, 14.069571, 106, 2019-06-15T08:45:03.000Z
40.818233, 14.069571, 97, 2019-06-15T08:45:03.000Z
40.818233, 14.069571, 97, 2019-06-15T08:45:03.000Z
40.818233, 14.069571, 105, 2019-06-15T08:45:03.000Z
40.818233, 14.069571, 99, 2019-06-15T08:45:03.000Z
40.818233, 14.069571, 94, 2019-06-15T08:45:03.000Z
40.818233, 14.069571, 107, 2019-06-15T08:45:03.000Z
40.818233, 14.069571, 104, 2019-06-15T08:45:03.000Z
40.818233, 14.069571, 89, 2019-06-15T08:45:03.000Z
40.818233, 14.069571, 100, 2019-06-15T08:45:03.000Z
40.818233, 14.069571, 96, 2019-06-15T08:45:03.000Z
40.818233, 14.069571, 97, 2019-06-15T08:45:03.000Z
40.818233, 14.069571, 89, 2019-06-15T08:45:03.000Z
40.818233, 14.069571, 105, 2019-06-15T08:45:03.000Z
40.818233, 14.069571, 100, 2019-06-15T08:45:03.000Z
40.818233, 14.069571, 102, 2019-06-15T08:45:03.000Z
40.818233, 14.069571, 104, 2019-06-15T08:45:03.000Z
40.818233, 14.069571, 103, 2019-06-15T08:45:03.000Z
40.818233, 14.069571, 92, 2019-06-15T08:45:03.000Z
40.818233, 14.069571, 100, 2019-06-15T08:45:03.000Z
40.818233, 14.069571, 96, 2019-06-15T08:45:03.000Z
40.818233, 14.069571, 105, 2019-06-15T08:45:03.000Z
40.818233, 14.069571, 95, 2019-06-15T08:45:03.000Z
40.818233, 14.069571, 85, 2019-06-15T08:45:03.000Z
40.818233, 14.069571, 98, 2019-06-15T08:45:03.000Z
40.818233, 14.069571, 93, 2019-06-15T08:45:03.000Z
40.818233, 14.069571, 107, 2019-06-15T08:45:03.000Z
40.818233, 14.069571, 100, 2019-06-15T08:45:03.000Z
40.818233, 14.069571, 105, 2019-06-15T08:45:03.000Z
40.818233, 14.069571, 102, 2019-06-15T08:45:03.000Z
40.818233, 14.069571, 94, 2019-06-15T08:45:03.000Z
40.818233, 14.069571, 107, 2019-06-15T08:45:03.000Z
40.818233, 14.069571, 103, 2019-06-15T08:45:03.000Z
40.818233, 14.069571, 102, 2019-06-15T08:45:03.000Z
40.818233, 14.069571, 95, 2019-06-15T08:45:03.000Z
40.818233, 14.069571, 105, 2019-06-15T08:45:03.000Z
40.818233, 14.069571, 98, 2019-06-15T08:45:03.000Z
40.818233, 14.069571, 91, 2019-06-15T08:45:03.000Z
40.818233, 14.069571, 104, 2019-06-15T08:45:03.000Z
40.818233, 14.069571, 96, 2019-06-15T08:45:03.000Z
40.818233, 14.069571, 103, 2019-06-15T08:45:03.000Z
40.818233, 14.069571, 104, 2019-06-15T08:45:03.000Z
40.818233, 14.069571, 100, 2019-06-15T08:45:03.000Z
40.818233, 14.069571, 107, 2019-06-15T08:45:03.000Z
40.818233, 14.069571, 102, 2019-06-15T08:45:03.000Z
40.818233, 14.069571, 90, 2019-06-15T08:45:03.000Z
40.818233, 14.069571, 106, 2019-06-15T08:45:03.000Z
40.818233, 14.069571, 105, 2019-06-15T08:45:03.000Z
40.818233, 14.069571, 98, 2019-06-15T08:45:03.000Z
40.818233, 14.069571, 100, 2019-06-15T08:45:03.000Z
40.818233, 14.069571, 115, 2019-06-15T08:45:03.000Z
40.818233, 14.069571, 106, 2019-06-15T08:45:03.000Z
40.818233, 14.069571, 99, 2019-06-15T08:45:03.000Z
40.818233, 14.069571, 97, 2019-06-15T08:45:03.000Z
40.818233, 14.069571, 97, 2019-06-15T08:45:03.000Z
40.818233, 14.069571, 105, 2019-06-15T08:45:03.000Z
40.818233, 14.069571, 100, 2019-06-15T08:45:03.000Z
40.818233, 14.069571, 91, 2019-06-15T08:45:03.000Z
40.818233, 14.069571, 101, 2019-06-15T08:45:03.000Z
40.818233, 14.069571, 95, 2019-06-15T08:45:03.000Z
40.818233, 14.069571, 111, 2019-06-15T08:45:03.000Z
40.818233, 14.069571, 89, 2019-06-15T08:45:03.000Z
40.818233, 14.069571, 105, 2019-06-15T08:45:03.000Z
40.818233, 14.069571, 97, 2019-06-15T08:45:03.000Z
40.818233, 14.069571, 94, 2019-06-15T08:45:03.000Z
40.818233, 14.069571, 100, 2019-06-15T08:45:03.000Z
40.818233, 14.069571, 95, 2019-06-15T08:45:03.000Z
40.818233, 14.069571, 102, 2019-06-15T08:45:03.000Z
40.818233, 14.069571, 91, 2019-06-15T08:45:03.000Z
40.818233, 14.069571, 91, 2019-06-15T08:45:03.000Z
40.818233, 14.069571, 88, 2019-06-15T08:45:03.000Z
40.818233, 14.069571, 109, 2019-06-15T08:45:03.000Z
40.818233, 14.069571, 90, 2019-06-15T08:45:03.000Z
40.818233, 14.069571, 110, 2019-06-15T08:45:03.000Z
40.818233, 14.069571, 95, 2019-06-15T08:45:03.000Z
40.818233, 14.069571, 104, 2019-06-15T08:45:03.000Z
40.818233, 14.069571, 96, 2019-06-15T08:45:03.000Z
40.818233, 14.069571, 95, 2019-06-15T08:45:03.000Z
40.818233, 14.069571, 108, 2019-06-15T08:45:03.000Z
40.818233, 14.069571, 100, 2019-06-15T08:45:03.000Z
40.818233, 14.069571, 100, 2019-06-15T08:45:03.000Z
40.818233, 14.069571, 92, 2019-06-15T08:45:03.000Z
40.818233, 14.069571, 104, 2019-06-15T08:45:03.000Z
40.818233, 14.069571, 96, 2019-06-15T08:45:03.000Z
40.818233, 14.069571, 99, 2019-06-15T08:45:03.000Z
40.818233, 14.069571, 106, 2019-06-15T08:45:03.000Z
40.818233, 14.069571, 96, 2019-06-15T08:45:03.000Z
40.818233, 14.069571, 110, 2019-06-15T08:45:03.000Z
40.818233, 14.069571, 104, 2019-06-15T08:45:03.000Z
40.818233, 14.069571, 102, 2019-06-15T08:45:03.000Z
40.818233, 14.069571, 99, 2019-06-15T08:45:03.000Z
40.818233, 14.069571, 101, 2019-06-15T08:45:03.000Z
40.818233, 14.069571, 95, 2019-06-15T08:45:03.000Z
40.818233, 14.069571, 104, 2019-06-15T08:45:03.000Z
40.818233, 14.069571, 104, 2019-06-15T08:45:03.000Z
40.818233, 14.069571, 93, 2019-06-15T08:45:03.000Z
40.818233, 14.069571, 101, 2019-06-15T08:45:03.000Z
40.818233, 14.069571, 86, 2019-06-15T08:45:03.000Z
40.818233, 14.069571, 99, 2019-06-15T08:45:03.000Z
40.818233, 14.069571, 100, 2019-06-15T08:45:03.000Z
40.818233, 14.069571, 109, 2019-06-15T08:45:03.000Z
40.818233, 14.069571, 103, 2019-06-15T08:45:03.000Z
40.818233, 14.069571, 106, 2019-06-15T08:45:03.000Z
40.818233, 14.069571, 91, 2019-06-15T08:45:03.000Z
40.818233, 14.069571, 108, 2019-06-15T08:45:03.000Z
40.818233, 14.069571, 101, 2019-06-15T08:45:03.000Z
40.818233, 14.069571, 86, 2019-06-15T08:45:03.000Z
40.818233, 14.069571, 94, 2019-06-15T08:45:03.000Z
40.818233, 14.069571, 107, 2019-06-15T08:45:03.000Z
40.818233, 14.069571, 90, 2019-06-15T08:45:03.000Z
40.818233, 14.069571, 106, 2019-06-15T08:45:03.000Z
40.818233, 14.069571, 104, 2019-06-15T08:45:03.000Z
40.818233, 14.069571, 107, 2019-06-15T08:45:03.000Z
40.818233, 14.069571, 84, 2019-06-15T08:45:03.000Z
40.818233, 14.069571, 93, 2019-06-15T08:45:03.000Z
40.818233, 14.069571, 108, 2019-06-15T08:45:03.000Z
40.818233, 14.069571, 114, 2019-06-15T08:45:03.000Z
40.818233, 14.069571, 101, 2019-06-15T08:45:03.000Z
40.818233, 14.069571, 90, 2019-06-15T08:45:03.000Z
40.818233, 14.069571, 98, 2019-06-15T08:45:03.000Z
40.818233, 14.069571, 95, 2019-06-15T08:45:03.000Z
40.818233, 14.069571, 110, 2019-06-15T08:45:03.000Z
40.818233, 14.069571, 104, 2019-06-15T08:45:03.000Z
40.818233, 14.069571, 104, 2019-06-15T08:45:03.000Z
40.818233, 14.069571, 106, 2019-06-15T08:45:03.000Z
40.818233, 14.069571, 95, 2019-06-15T08:45:03.000Z
40.818233, 14.069571, 111, 2019-06-15T08:45:03.000Z
40.818233, 14.069571, 98, 2019-06-15T08:45:03.000Z
40.818233, 14.069571, 99, 2019-06-15T08:45:03.000Z
40.818233, 14.069571, 97, 2019-06-15T08:45:03.000Z
40.818233, 14.069571, 90, 2019-06-15T08:45:03.000Z
40.818233, 14.069571, 94, 2019-06-15T08:45:03.000Z
40.818233, 14.069571, 96, 2019-06-15T08:45:03.000Z
40.818233, 14.069571, 101, 2019-06-15T08:45:03.000Z
40.818233, 14.069571, 82, 2019-06-15T08:45:03.000Z
40.818233, 14.069571, 105, 2019-06-15T08:45:03.000Z
40.818233, 14.069571, 107, 2019-06-15T08:45:03.000Z
40.818233, 14.069571, 89, 2019-06-15T08:45:03.000Z
40.818233, 14.069571, 103, 2019-06-15T08:45:03.000Z
40.818233, 14.069571, 102, 2019-06-15T08:45:03.000Z
40.818233, 14.069571, 90, 2019-06-15T08:45:03.000Z
40.818233, 14.069571, 94, 2019-06-15T08:45:03.000Z
40.818233, 14.069571, 94, 2019-06-15T08:45:03.000Z
40.818233, 14.069571, 85, 2019-06-15T08:45:03.000Z
40.818233, 14.069571, 95, 2019-06-15T08:45:03.000Z
40.818233, 14.069571, 99, 2019-06-15T08:45:03.000Z
40.818233, 14.069571, 89, 2019-06-15T08:45:03.000Z
40.818233, 14.069571, 108, 2019-06-15T08:45:03.000Z
40.818233, 14.069571, 100, 2019-06-15T08:45:03.000Z
40.818233, 14.069571, 105, 2019-06-15T08:45:03.000Z
40.818233, 14.069571, 93, 2019-06-15T08:45:03.000Z
40.818233, 14.069571, 90, 2019-06-15T08:45:03.000Z
40.818233, 14.069571, 104, 2019-06-15T08:45:03.000Z
40.818233, 14.069571, 111, 2019-06-15T08:45:03.000Z
40.818233, 14.069571, 95, 2019-06-15T08:45:03.000Z
40.818233, 14.069571, 117, 2019-06-15T08:45:03.000Z
40.818233, 14.069571, 100, 2019-06-15T08:45:03.000Z
40.818233, 14.069571, 90, 2019-06-15T08:45:03.000Z
40.818233, 14.069571, 89, 2019-06-15T08:45:03.000Z
40.818233, 14.069571, 105, 2019-06-15T08:45:03.000Z
40.818233, 14.069571, 94, 2019-06-15T08:45:03.000Z
40.818233, 14.069571, 108, 2019-06-15T08:45:03.000Z
40.818233, 14.069571, 86, 2019-06-15T08:45:03.000Z
40.818233, 14.069571, 95, 2019-06-15T08:45:03.000Z
40.818233, 14.069571, 93, 2019-06-15T08:45:03.000Z
40.818233, 14.069571, 94, 2019-06-15T08:45:03.000Z
40.818233, 14.069571, 104, 2019-06-15T08:45:03.000Z
40.818233, 14.069571, 96, 2019-06-15T08:45:03.000Z
40.818233, 14.069571, 100, 2019-06-15T08:45:03.000Z
40.818233, 14.069571, 93, 2019-06-15T08:45:03.000Z
40.818233, 14.069571, 103, 2019-06-15T08:45:03.000Z
40.818233, 14.069571, 106, 2019-06-15T08:45:03.000Z
40.818233, 14.069571, 113, 2019-06-15T08:45:03.000Z
40.818233, 14.069571, 101, 2019-06-15T08:45:03.000Z
40.818233, 14.069571, 103, 2019-06-15T08:45:03.000Z
40.818233, 14.069571, 101, 2019-06-15T08:45:03.000Z
40.818233, 14.069571, 95, 2019-06-15T08:45:03.000Z
40.818233, 14.069571, 103, 2019-06-15T08:45:03.000Z
40.818233, 14.069571, 103, 2019-06-15T08:45:03.000Z
40.818233, 14.069571, 114, 2019-06-15T08:45:03.000Z
40.818233, 14.069571, 98, 2019-06-15T08:45:03.000Z
40.818233, 14.069571, 104, 2019-06-15T08:45:03.000Z
40.818233, 14.069571, 105, 2019-06-15T08:45:03.000Z
40.818233, 14.069571, 110, 2019-06-15T08:45:03.000Z
40.818233, 14.069571, 94, 2019-06-15T08:45:03.000Z
40.818233, 14.069571, 97, 2019-06-15T08:45:03.000Z
40.818233, 14.069571, 96, 2019-06-15T08:45:03.000Z
40.818233, 14.069571, 89, 2019-06-15T08:45:03.000Z
40.818233, 14.069571, 105, 2019-06-15T08:45:03.000Z
40.818233, 14.069571, 90, 2019-06-15T08:45:03.000Z
40.818233, 14.069571, 101, 2019-06-15T08:45:03.000Z
40.818233, 14.069571, 110, 2019-06-15T08:45:03.000Z
40.818233, 14.069571, 100, 2019-06-15T08:45:03.000Z
40.818233, 14.069571, 90, 2019-06-15T08:45:03.000Z
40.818233, 14.069571, 96, 2019-06-15T08:45:03.000Z
40.818233, 14.069571, 105, 2019-06-15T08:45:03.000Z
40.818233, 14.069571, 101, 2019-06-15T08:45:03.000Z
40.818233, 14.069571, 100, 2019-06-15T08:45:03.000Z
40.818233, 14.069571, 103, 2019-06-15T08:45:03.000Z
40.818233, 14.069571, 105, 2019-06-15T08:45:03.000Z
40.818233, 14.069571, 104, 2019-06-15T08:45:03.000Z
40.818233, 14.069571, 95, 2019-06-15T08:45:03.000Z
40.818233, 14.069571, 92, 2019-06-15T08:45:03.000Z
40.818233, 14.069571, 112, 2019-06-15T08:45:03.000Z
40.818233, 14.069571, 94, 2019-06-15T08:45:03.000Z
40.818233, 14.069571, 92, 2019-06-15T08:45:03.000Z
40.818233, 14.069571, 110, 2019-06-15T08:45:03.000Z
40.818233, 14.069571, 99, 2019-06-15T08:45:03.000Z
40.818233, 14.069571, 105, 2019-06-15T08:45:03.000Z
40.818233, 14.069571, 91, 2019-06-15T08:45:03.000Z
40.818233, 14.069571, 101, 2019-06-15T08:45:03.000Z
40.818233, 14.069571, 94, 2019-06-15T08:45:03.000Z
40.818233, 14.069571, 99, 2019-06-15T08:45:03.000Z
40.818233, 14.069571, 102, 2019-06-15T08:45:03.000Z
40.818233, 14.069571, 105, 2019-06-15T08:45:03.000Z
40.818233, 14.069571, 90, 2019-06-15T08:45:03.000Z
40.818233, 14.069571, 110, 2019-06-15T08:45:03.000Z
40.818233, 14.069571, 102, 2019-06-15T08:45:03.000Z
40.818233, 14.069571, 95, 2019-06-15T08:45:03.000Z
40.818233, 14.069571, 97, 2019-06-15T08:45:03.000Z
40.818233, 14.069571, 102, 2019-06-15T08:45:03.000Z
40.818233, 14.069571, 108, 2019-06-15T08:45:03.000Z
40.818233, 14.069571, 93, 2019-06-15T08:45:03.000Z
40.818233, 14.069571, 98, 2019-06-15T08:45:03.000Z
40.818233, 14.069571, 99, 2019-06-15T08:45:03.000Z
40.818233, 14.069571, 90, 2019-06-15T08:45:03.000Z
40.818233, 14.069571, 121, 2019-06-15T08:45:03.000Z
40.818233, 14.069571, 89, 2019-06-15T08:45:03.000Z
40.818233, 14.069571, 106, 2019-06-15T08:45:03.000Z
40.818233, 14.069571, 93, 2019-06-15T08:45:03.000Z
40.818233, 14.069571, 87, 2019-06-15T08:45:03.000Z
40.818233, 14.069571, 96, 2019-06-15T08:45:03.000Z
40.818233, 14.069571, 107, 2019-06-15T08:45:03.000Z
40.818233, 14.069571, 96, 2019-06-15T08:45:03.000Z
40.818233, 14.069571, 102, 2019-06-15T08:45:03.000Z
40.818233, 14.069571, 97, 2019-06-15T08:45:03.000Z
40.818233, 14.069571, 107, 2019-06-15T08:45:03.000Z
40.818233, 14.069571, 114, 2019-06-15T08:45:03.000Z
40.818233, 14.069571, 107, 2019-06-15T08:45:03.000Z
40.818233, 14.069571, 95, 2019-06-15T08:45:03.000Z
40.818233, 14.069571, 112, 2019-06-15T08:45:03.000Z
40.818233, 14.069571, 83, 2019-06-15T08:45:03.000Z
40.818233, 14.069571, 101, 2019-06-15T08:45:03.000Z
40.818233, 14.069571, 93, 2019-06-15T08:45:03.000Z
40.818233, 14.069571, 101, 2019-06-15T08:45:03.000Z
40.818233, 14.069571, 92, 2019-06-15T08:45:03.000Z
40.818233, 14.069571, 113, 2019-06-15T08:45:03.000Z
40.818233, 14.069571, 104, 2019-06-15T08:45:03.000Z
40.818233, 14.069571, 75, 2019-06-15T08:45:03.000Z
40.818233, 14.069571, 110, 2019-06-15T08:45:03.000Z
40.818233, 14.069571, 95, 2019-06-15T08:45:03.000Z
40.818233, 14.069571, 94, 2019-06-15T08:45:03.000Z
40.818233, 14.069571, 101, 2019-06-15T08:45:03.000Z
40.818233, 14.069571, 99, 2019-06-15T08:45:03.000Z
40.818233, 14.069571, 100, 2019-06-15T08:45:03.000Z
40.818233, 14.069571, 87, 2019-06-15T08:45:03.000Z
40.818233, 14.069571, 92, 2019-06-15T08:45:03.000Z
40.818233, 14.069571, 88, 2019-06-15T08:45:03.000Z
40.818233, 14.069571, 100, 2019-06-15T08:45:03.000Z
40.818233, 14.069571, 95, 2019-06-15T08:45:03.000Z
40.818233, 14.069571, 91, 2019-06-15T08:45:03.000Z
40.818233, 14.069571, 100, 2019-06-15T08:45:03.000Z
40.818233, 14.069571, 103, 2019-06-15T08:45:03.000Z
40.818233, 14.069571, 102, 2019-06-15T08:45:03.000Z
40.818233, 14.069571, 102, 2019-06-15T08:45:03.000Z
40.818233, 14.069571, 99, 2019-06-15T08:45:03.000Z
40.818233, 14.069571, 98, 2019-06-15T08:45:03.000Z
40.818233, 14.069571, 107, 2019-06-15T08:45:03.000Z
40.818233, 14.069571, 96, 2019-06-15T08:45:03.000Z
40.818233, 14.069571, 109, 2019-06-15T08:45:03.000Z
40.818233, 14.069571, 100, 2019-06-15T08:45:03.000Z
40.818233, 14.069571, 110, 2019-06-15T08:45:03.000Z
40.818233, 14.069571, 108, 2019-06-15T08:45:03.000Z
40.818233, 14.069571, 117, 2019-06-15T08:45:03.000Z
40.818233, 14.069571, 90, 2019-06-15T08:45:03.000Z
40.818233, 14.069571, 113, 2019-06-15T08:45:03.000Z
40.818233, 14.069571, 100, 2019-06-15T08:45:03.000Z
40.818233, 14.069571, 98, 2019-06-15T08:45:03.000Z
40.818233, 14.069571, 80, 2019-06-15T08:45:03.000Z
40.818233, 14.069571, 102, 2019-06-15T08:45:03.000Z
40.818233, 14.069571, 112, 2019-06-15T08:45:03.000Z
40.818233, 14.069571, 96, 2019-06-15T08:45:03.000Z
40.818233, 14.069571, 110, 2019-06-15T08:45:03.000Z
40.818233, 14.069571, 98, 2019-06-15T08:45:03.000Z
40.818233, 14.069571, 103, 2019-06-15T08:45:03.000Z
40.818233, 14.069571, 97, 2019-06-15T08:45:03.000Z
40.818233, 14.069571, 95, 2019-06-15T08:45:03.000Z
40.818233, 14.069571, 99, 2019-06-15T08:45:03.000Z
40.818233, 14.069571, 89, 2019-06-15T08:45:03.000Z
40.818233, 14.069571, 111, 2019-06-15T08:45:03.000Z
40.818233, 14.069571, 104, 2019-06-15T08:45:03.000Z
40.818233, 14.069571, 93, 2019-06-15T08:45:03.000Z
40.818233, 14.069571, 98, 2019-06-15T08:45:03.000Z
40.818233, 14.069571, 106, 2019-06-15T08:45:03.000Z
40.818233, 14.069571, 102, 2019-06-15T08:45:03.000Z
40.818233, 14.069571, 93, 2019-06-15T08:45:03.000Z
40.818233, 14.069571, 93, 2019-06-15T08:45:03.000Z
40.818233, 14.069571, 112, 2019-06-15T08:45:03.000Z
40.818233, 14.069571, 81, 2019-06-15T08:45:03.000Z
40.818233, 14.069571, 103, 2019-06-15T08:45:03.000Z
40.818233, 14.069571, 102, 2019-06-15T08:45:03.000Z
40.818233, 14.069571, 87, 2019-06-15T08:45:03.000Z
40.818233, 14.069571, 104, 2019-06-15T08:45:03.000Z
40.818233, 14.069571, 108, 2019-06-15T08:45:03.000Z
40.818233, 14.069571, 106, 2019-06-15T08:45:03.000Z
40.818233, 14.069571, 102, 2019-06-15T08:45:03.000Z
40.818233, 14.069571, 100, 2019-06-15T08:45:03.000Z
40.818233, 14.069571, 102, 2019-06-15T08:45:03.000Z
40.818233, 14.069571, 99, 2019-06-15T08:45:03.000Z
40.818233, 14.069571, 89, 2019-06-15T08:45:03.000Z
40.818233, 14.069571, 89, 2019-06-15T08:45:03.000Z
40.818233, 14.069571, 99, 2019-06-15T08:45:03.000Z
40.818233, 14.069571, 116, 2019-06-15T08:45:03.000Z
40.818233, 14.069571, 100, 2019-06-15T08:45:03.000Z
40.818233, 14.069571, 104, 2019-06-15T08:45:03.000Z
40.818233, 14.069571, 97, 2019-06-15T08:45:03.000Z
40.818233, 14.069571, 97, 2019-06-15T08:45:03.000Z
40.818233, 14.069571, 98, 2019-06-15T08:45:03.000Z
40.818233, 14.069571, 93, 2019-06-15T08:45:03.000Z
40.818233, 14.069571, 94, 2019-06-15T08:45:03.000Z
40.818233, 14.069571, 97, 2019-06-15T08:45:03.000Z
40.818233, 14.069571, 104, 2019-06-15T08:45:03.000Z
40.818233, 14.069571, 90, 2019-06-15T08:45:03.000Z
40.818233, 14.069571, 98, 2019-06-15T08:45:03.000Z
40.818233, 14.069571, 90, 2019-06-15T08:45:03.000Z
40.818233, 14.069571, 100, 2019-06-15T08:45:03.000Z
40.818233, 14.069571, 94, 2019-06-15T08:45:03.000Z
40.818233, 14.069571, 104, 2019-06-15T08:45:03.000Z
40.818233, 14.069571, 94, 2019-06-15T08:45:03.000Z
40.818233, 14.069571, 106, 2019-06-15T08:45:03.000Z
40.818233, 14.069571, 89, 2019-06-15T08:45:03.000Z
40.818233, 14.069571, 103, 2019-06-15T08:45:03.000Z
40.818233, 14.069571, 95, 2019-06-15T08:45:03.000Z
40.818233, 14.069571, 101, 2019-06-15T08:45:03.000Z
40.818233, 14.069571, 101, 2019-06-15T08:45:03.000Z
40.818233, 14.069571, 106, 2019-06-15T08:45:03.000Z
40.818233, 14.069571, 107, 2019-06-15T08:45:03.000Z
40.818233, 14.069571, 96, 2019-06-15T08:45:03.000Z
40.818233, 14.069571, 106, 2019-06-15T08:45:03.000Z
40.818233, 14.069571, 95, 2019-06-15T08:45:03.000Z
40.818233, 14.069571, 99, 2019-06-15T08:45:03.000Z
40.818233, 14.069571, 102, 2019-06-15T08:45:03.000Z
40.818233, 14.069571, 95, 2019-06-15T08:45:03.000Z
40.818233, 14.069571, 99, 2019-06-15T08:45:03.000Z
40.818233, 14.069571, 99, 2019-06-15T08:45:03.000Z
40.818233, 14.069571, 99, 2019-06-15T08:45:03.000Z
40.818233, 14.069571, 100, 2019-06-15T08:45:03.000Z
40.818233, 14.069571, 102, 2019-06-15T08:45:03.000Z
40.818233, 14.069571, 100, 2019-06-15T08:45:03.000Z
40.818233, 14.069571, 99, 2019-06-15T08:45:03.000Z
40.818233, 14.069571, 95, 2019-06-15T08:45:03.000Z
40.818233, 14.069571, 95, 2019-06-15T08:45:03.000Z
40.818233, 14.069571, 102, 2019-06-15T08:45:03.000Z
40.818233, 14.069571, 104, 2019-06-15T08:45:03.000Z
40.818233, 14.069571, 102, 2019-06-15T08:45:03.000Z
40.818233, 14.069571, 94, 2019-06-15T08:45:03.000Z
40.818233, 14.069571, 97, 2019-06-15T08:45:03.000Z
40.818233, 14.069571, 107, 2019-06-15T08:45:03.000Z
40.818233, 14.069571, 91, 2019-06-15T08:45:03.000Z
40.818233, 14.069571, 104, 2019-06-15T08:45:03.000Z
40.818233, 14.069571, 98, 2019-06-15T08:45:03.000Z
40.818233, 14.069571, 96, 2019-06-15T08:45:03.000Z
40.818233, 14.069571, 106, 2019-06-15T08:45:03.000Z
40.818233, 14.069571, 98, 2019-06-15T08:45:03.000Z
40.818233, 14.069571, 104, 2019-06-15T08:45:03.000Z
40.818233, 14.069571, 92, 2019-06-15T08:45:03.000Z
40.818233, 14.069571, 93, 2019-06-15T08:45:03.000Z
40.818233, 14.069571, 103, 2019-06-15T08:45:03.000Z
40.818233, 14.069571, 109, 2019-06-15T08:45:03.000Z
40.818233, 14.069571, 101, 2019-06-15T08:45:03.000Z
40.818233, 14.069571, 107, 2019-06-15T08:45:03.000Z
40.818233, 14.069571, 100, 2019-06-15T08:45:03.000Z
40.818233, 14.069571, 103, 2019-06-15T08:45:03.000Z
40.818233, 14.069571, 113, 2019-06-15T08:45:03.000Z
40.818233, 14.069571, 92, 2019-06-15T08:45:03.000Z
40.818233, 14.069571, 90, 2019-06-15T08:45:03.000Z
40.818233, 14.069571, 101, 2019-06-15T08:45:03.000Z
40.818233, 14.069571, 110, 2019-06-15T08:45:03.000Z
40.818233, 14.069571, 100, 2019-06-15T08:45:03.000Z
40.818233, 14.069571, 104, 2019-06-15T08:45:03.000Z
40.818233, 14.069571, 102, 2019-06-15T08:45:03.000Z
40.818233, 14.069571, 100, 2019-06-15T08:45:03.000Z
40.818233, 14.069571, 89, 2019-06-15T08:45:03.000Z
40.818233, 14.069571, 104, 2019-06-15T08:45:03.000Z
40.818233, 14.069571, 93, 2019-06-15T08:45:03.000Z
40.818233, 14.069571, 106, 2019-06-15T08:45:03.000Z
40.818233, 14.069571, 100, 2019-06-15T08:45:03.000Z
40.818233, 14.069571, 102, 2019-06-15T08:45:03.000Z
40.818233, 14.069571, 95, 2019-06-15T08:45:03.000Z
40.818233, 14.069571, 95, 2019-06-15T08:45:03.000Z
40.818233, 14.069571, 106, 2019-06-15T08:45:03.000Z
40.818233, 14.069571, 112, 2019-06-15T08:45:03.000Z
40.818233, 14.069571, 107, 2019-06-15T08:45:03.000Z
40.818233, 14.069571, 109, 2019-06-15T08:45:03.000Z
40.818233, 14.069571, 99, 2019-06-15T08:45:03.000Z
40.818233, 14.069571, 102, 2019-06-15T08:45:03.000Z
40.818233, 14.069571, 102, 2019-06-15T08:45:03.000Z
40.818233, 14.069571, 99, 2019-06-15T08:45:03.000Z
40.818233, 14.069571, 100, 2019-06-15T08:45:03.000Z
40.818233, 14.069571, 109, 2019-06-15T08:45:03.000Z
40.818233, 14.069571, 112, 2019-06-15T08:45:03.000Z
40.818233, 14.069571, 105, 2019-06-15T08:45:03.000Z
40.818233, 14.069571, 101, 2019-06-15T08:45:03.000Z
40.818233, 14.069571, 101, 2019-06-15T08:45:03.000Z
40.818233, 14.069571, 101, 2019-06-15T08:45:03.000Z
40.818233, 14.069571, 103, 2019-06-15T08:45:03.000Z
40.818233, 14.069571, 92, 2019-06-15T08:45:03.000Z
40.818233, 14.069571, 103, 2019-06-15T08:45:03.000Z
40.818233, 14.069571, 109, 2019-06-15T08:45:03.000Z
40.818233, 14.069571, 102, 2019-06-15T08:45:03.000Z
40.818233, 14.069571, 95, 2019-06-15T08:45:03.000Z
40.818233, 14.069571, 97, 2019-06-15T08:45:03.000Z
40.818233, 14.069571, 102, 2019-06-15T08:45:03.000Z
40.818233, 14.069571, 104, 2019-06-15T08:45:03.000Z
40.818233, 14.069571, 103, 2019-06-15T08:45:03.000Z
40.818233, 14.069571, 94, 2019-06-15T08:45:03.000Z
40.818233, 14.069571, 83, 2019-06-15T08:45:03.000Z
40.818233, 14.069571, 115, 2019-06-15T08:45:03.000Z
40.818233, 14.069571, 103, 2019-06-15T08:45:03.000Z
40.818233, 14.069571, 98, 2019-06-15T08:45:03.000Z
40.818233, 14.069571, 94, 2019-06-15T08:45:03.000Z
40.818233, 14.069571, 113, 2019-06-15T08:45:03.000Z
40.818233, 14.069571, 103, 2019-06-15T08:45:03.000Z
40.818233, 14.069571, 93, 2019-06-15T08:45:03.000Z
40.818233, 14.069571, 108, 2019-06-15T08:45:03.000Z
40.818233, 14.069571, 101, 2019-06-15T08:45:03.000Z
40.818233, 14.069571, 96, 2019-06-15T08:45:03.000Z
40.818233, 14.069571, 85, 2019-06-15T08:45:03.000Z
40.818233, 14.069571, 105, 2019-06-15T08:45:03.000Z
40.818233, 14.069571, 83, 2019-06-15T08:45:03.000Z
40.818233, 14.069571, 94, 2019-06-15T08:45:03.000Z
40.818233, 14.069571, 102, 2019-06-15T08:45:03.000Z
40.818233, 14.069571, 80, 2019-06-15T08:45:03.000Z
40.818233, 14.069571, 89, 2019-06-15T08:45:03.000Z
40.818233, 14.069571, 96, 2019-06-15T08:45:03.000Z
40.818233, 14.069571, 111, 2019-06-15T08:45:03.000Z
40.818233, 14.069571, 88, 2019-06-15T08:45:03.000Z
40.818233, 14.069571, 94, 2019-06-15T08:45:03.000Z
40.818233, 14.069571, 101, 2019-06-15T08:45:03.000Z
40.818233, 14.069571, 106, 2019-06-15T08:45:03.000Z
40.818233, 14.069571, 108, 2019-06-15T08:45:03.000Z
40.818233, 14.069571, 110, 2019-06-15T08:45:03.000Z
40.818233, 14.069571, 98, 2019-06-15T08:45:03.000Z
40.818233, 14.069571, 110, 2019-06-15T08:45:03.000Z
40.818233, 14.069571, 109, 2019-06-15T08:45:03.000Z
40.818233, 14.069571, 83, 2019-06-15T08:45:03.000Z
40.818233, 14.069571, 88, 2019-06-15T08:45:03.000Z
40.818233, 14.069571, 111, 2019-06-15T08:45:03.000Z
40.818233, 14.069571, 112, 2019-06-15T08:45:03.000Z
40.818233, 14.069571, 110, 2019-06-15T08:45:03.000Z
40.818233, 14.069571, 103, 2019-06-15T08:45:03.000Z
40.818233, 14.069571, 97, 2019-06-15T08:45:03.000Z
40.818233, 14.069571, 98, 2019-06-15T08:45:03.000Z
40.818233, 14.069571, 92, 2019-06-15T08:45:03.000Z
40.818233, 14.069571, 90, 2019-06-15T08:45:03.000Z
40.818233, 14.069571, 112, 2019-06-15T08:45:03.000Z
40.818233, 14.069571, 97, 2019-06-15T08:45:03.000Z
40.818233, 14.069571, 86, 2019-06-15T08:45:03.000Z
40.818233, 14.069571, 108, 2019-06-15T08:45:03.000Z
40.818233, 14.069571, 113, 2019-06-15T08:45:03.000Z
40.818233, 14.069571, 93, 2019-06-15T08:45:03.000Z
40.818233, 14.069571, 102, 2019-06-15T08:45:03.000Z
40.818233, 14.069571, 100, 2019-06-15T08:45:03.000Z
40.818233, 14.069571, 94, 2019-06-15T08:45:03.000Z
40.818233, 14.069571, 101, 2019-06-15T08:45:03.000Z
40.818233, 14.069571, 99, 2019-06-15T08:45:03.000Z
40.818233, 14.069571, 94, 2019-06-15T08:45:03.000Z
40.818233, 14.069571, 95, 2019-06-15T08:45:03.000Z
40.818233, 14.069571, 94, 2019-06-15T08:45:03.000Z
40.818233, 14.069571, 100, 2019-06-15T08:45:03.000Z
40.818233, 14.069571, 100, 2019-06-15T08:45:03.000Z
40.818233, 14.069571, 99, 2019-06-15T08:45:03.000Z
40.818233, 14.069571, 102, 2019-06-15T08:45:03.000Z
40.818233, 14.069571, 107, 2019-06-15T08:45:03.000Z
40.818233, 14.069571, 101, 2019-06-15T08:45:03.000Z
40.818233, 14.069571, 102, 2019-06-15T08:45:03.000Z
40.818233, 14.069571, 101, 2019-06-15T08:45:03.000Z
40.818233, 14.069571, 95, 2019-06-15T08:45:03.000Z
40.818233, 14.069571, 113, 2019-06-15T08:45:03.000Z
40.818233, 14.069571, 102, 2019-06-15T08:45:03.000Z
40.818233, 14.069571, 113, 2019-06-15T08:45:03.000Z
40.818233, 14.069571, 109, 2019-06-15T08:45:03.000Z
40.818233, 14.069571, 105, 2019-06-15T08:45:03.000Z
40.818233, 14.069571, 97, 2019-06-15T08:45:03.000Z
40.818233, 14.069571, 106, 2019-06-15T08:45:03.000Z
40.818233, 14.069571, 102, 2019-06-15T08:45:03.000Z
40.818233, 14.069571, 117, 2019-06-15T08:45:03.000Z
40.818233, 14.069571, 96, 2019-06-15T08:45:03.000Z
40.818233, 14.069571, 105, 2019-06-15T08:45:03.000Z
40.818233, 14.069571, 98, 2019-06-15T08:45:03.000Z
40.818233, 14.069571, 94, 2019-06-15T08:45:03.000Z
40.818233, 14.069571, 99, 2019-06-15T08:45:03.000Z
40.818233, 14.069571, 102, 2019-06-15T08:45:03.000Z
40.818233, 14.069571, 106, 2019-06-15T08:45:03.000Z
40.818233, 14.069571, 92, 2019-06-15T08:45:03.000Z
40.818233, 14.069571, 103, 2019-06-15T08:45:03.000Z
40.818233, 14.069571, 92, 2019-06-15T08:45:03.000Z
40.818233, 14.069571, 107, 2019-06-15T08:45:03.000Z
40.818233, 14.069571, 99, 2019-06-15T08:45:03.000Z
40.818233, 14.069571, 104, 2019-06-15T08:45:03.000Z
40.818233, 14.069571, 97, 2019-06-15T08:45:03.000Z
40.818233, 14.069571, 112, 2019-06-15T08:45:03.000Z
40.818233, 14.069571, 90, 2019-06-15T08:45:03.000Z
40.818233, 14.069571, 99, 2019-06-15T08:45:03.000Z
40.818233, 14.069571, 103, 2019-06-15T08:45:03.000Z
40.818233, 14.069571, 112, 2019-06-15T08:45:03.000Z
40.818233, 14.069571, 98, 2019-06-15T08:45:03.000Z
40.818233, 14.069571, 99, 2019-06-15T08:45:03.000Z
40.818233, 14.069571, 104, 2019-06-15T08:45:03.000Z
40.818233, 14.069571, 102, 2019-06-15T08:45:03.000Z
40.818233, 14.069571, 107, 2019-06-15T08:45:03.000Z
40.818233, 14.069571, 95, 2019-06-15T08:45:03.000Z
40.818233, 14.069571, 92, 2019-06-15T08:45:03.000Z
40.818233, 14.069571, 100, 2019-06-15T08:45:03.000Z
40.818233, 14.069571, 97, 2019-06-15T08:45:03.000Z
40.818233, 14.069571, 102, 2019-06-15T08:45:03.000Z
40.818233, 14.069571, 99, 2019-06-15T08:45:03.000Z
40.818233, 14.069571, 105, 2019-06-15T08:45:03.000Z
40.818233, 14.069571, 108, 2019-06-15T08:45:03.000Z
40.818233, 14.069571, 106, 2019-06-15T08:45:03.000Z
40.818233, 14.069571, 97, 2019-06-15T08:45:03.000Z
40.818233, 14.069571, 113, 2019-06-15T08:45:03.000Z
40.818233, 14.069571, 97, 2019-06-15T08:45:03.000Z
40.818233, 14.069571, 93, 2019-06-15T08:45:03.000Z
40.818233, 14.069571, 83, 2019-06-15T08:45:03.000Z
40.818233, 14.069571, 109, 2019-06-15T08:45:03.000Z
40.818233, 14.069571, 100, 2019-06-15T08:45:03.000Z
40.818233, 14.069571, 103, 2019-06-15T08:45:03.000Z
40.818233, 14.069571, 99, 2019-06-15T08:45:03.000Z
40.818233, 14.069571, 99, 2019-06-15T08:45:03.000Z
40.818233, 14.069571, 100, 2019-06-15T08:45:03.000Z
40.818233, 14.069571, 106, 2019-06-15T08:45:03.000Z
40.818233, 14.069571, 106, 2019-06-15T08:45:03.000Z
40.818233, 14.069571, 89, 2019-06-15T08:45:03.000Z
40.818233, 14.069571, 95, 2019-06-15T08:45:03.000Z
40.818233, 14.069571, 114, 2019-06-15T08:45:03.000Z
40.818233, 14.069571, 108, 2019-06-15T08:45:03.000Z
40.818233, 14.069571, 96, 2019-06-15T08:45:03.000Z
40.818233, 14.069571, 108, 2019-06-15T08:45:03.000Z
40.818233, 14.069571, 101, 2019-06-15T08:45:03.000Z
40.818233, 14.069571, 100, 2019-06-15T08:45:03.000Z
40.818233, 14.069571, 104, 2019-06-15T08:45:03.000Z
40.818233, 14.069571, 94, 2019-06-15T08:45:03.000Z
40.818233, 14.069571, 93, 2019-06-15T08:45:03.000Z
40.818233, 14.069571, 107, 2019-06-15T08:45:03.000Z
40.818233, 14.069571, 99, 2019-06-15T08:45:03.000Z
40.818233, 14.069571, 105, 2019-06-15T08:45:03.000Z
40.818233, 14.069571, 94, 2019-06-15T08:45:03.000Z
40.818233, 14.069571, 94, 2019-06-15T08:45:03.000Z
40.818233, 14.069571, 87, 2019-06-15T08:45:03.000Z
40.818233, 14.069571, 106, 2019-06-15T08:45:03.000Z
40.818233, 14.069571, 107, 2019-06-15T08:45:03.000Z
40.818233, 14.069571, 96, 2019-06-15T08:45:03.000Z
40.818233, 14.069571, 96, 2019-06-15T08:45:03.000Z
40.818233, 14.069571, 95, 2019-06-15T08:45:03.000Z
40.818233, 14.069571, 96, 2019-06-15T08:45:03.000Z
40.818233, 14.069571, 98, 2019-06-15T08:45:03.000Z
40.818233, 14.069571, 94, 2019-06-15T08:45:03.000Z
40.818233, 14.069571, 95, 2019-06-15T08:45:03.000Z
40.818233, 14.069571, 100, 2019-06-15T08:45:03.000Z
40.818233, 14.069571, 96, 2019-06-15T08:45:03.000Z
40.818233, 14.069571, 108, 2019-06-15T08:45:03.000Z
40.818233, 14.069571, 104, 2019-06-15T08:45:03.000Z
40.818233, 14.069571, 93, 2019-06-15T08:45:03.000Z
40.818233, 14.069571, 104, 2019-06-15T08:45:03.000Z
40.818233, 14.069571, 92, 2019-06-15T08:45:03.000Z
40.818233, 14.069571, 86, 2019-06-15T08:45:03.000Z
40.818233, 14.069571, 107, 2019-06-15T08:45:03.000Z
40.818233, 14.069571, 99, 2019-06-15T08:45:03.000Z
40.818233, 14.069571, 100, 2019-06-15T08:45:03.000Z
40.818233, 14.069571, 112, 2019-06-15T08:45:03.000Z
40.818233, 14.069571, 102, 2019-06-15T08:45:03.000Z
40.818233, 14.069571, 98, 2019-06-15T08:45:03.000Z
40.818233, 14.069571, 101, 2019-06-15T08:45:03.000Z
40.818233, 14.069571, 102, 2019-06-15T08:45:03.000Z
40.818233, 14.069571, 101, 2019-06-15T08:45:03.000Z
40.818233, 14.069571, 112, 2019-06-15T08:45:03.000Z
40.818233, 14.069571, 99, 2019-06-15T08:45:03.000Z
40.818233, 14.069571, 107, 2019-06-15T08:45:03.000Z
40.818233, 14.069571, 101, 2019-06-15T08:45:03.000Z
40.818233, 14.069571, 104, 2019-06-15T08:45:03.000Z
40.818233, 14.069571, 89, 2019-06-15T08:45:03.000Z
40.818233, 14.069571, 104, 2019-06-15T08:45:03.000Z
40.818233, 14.069571, 90, 2019-06-15T08:45:03.000Z
40.818233, 14.069571, 106, 2019-06-15T08:45:03.000Z
40.818233, 14.069571, 100, 2019-06-15T08:45:03.000Z
40.818233, 14.069571, 104, 2019-06-15T08:45:03.000Z
40.818233, 14.069571, 106, 2019-06-15T08:45:03.000Z
40.818233, 14.069571, 110, 2019-06-15T08:45:03.000Z
40.818233, 14.069571, 113, 2019-06-15T08:45:03.000Z
40.818233, 14.069571, 90, 2019-06-15T08:45:03.000Z
40.818233, 14.069571, 106, 2019-06-15T08:45:03.000Z
40.818233, 14.069571, 101, 2019-06-15T08:45:03.000Z
40.818233, 14.069571, 104, 2019-06-15T08:45:03.000Z
40.818233, 14.069571, 102, 2019-06-15T08:45:03.000Z
40.818233, 14.069571, 116, 2019-06-15T08:45:03.000Z
40.818233, 14.069571, 106, 2019-06-15T08:45:03.000Z
40.818233, 14.069571, 89, 2019-06-15T08:45:03.000Z
40.818233, 14.069571, 107, 2019-06-15T08:45:03.000Z
40.818233, 14.069571, 105, 2019-06-15T08:45:03.000Z
40.818233, 14.069571, 100, 2019-06-15T08:45:03.000Z
40.818233, 14.069571, 109, 2019-06-15T08:45:03.000Z
40.818233, 14.069571, 89, 2019-06-15T08:45:03.000Z
40.818233, 14.069571, 102, 2019-06-15T08:45:03.000Z
40.818233, 14.069571, 109, 2019-06-15T08:45:03.000Z
40.818233, 14.069571, 104, 2019-06-15T08:45:03.000Z
40.818233, 14.069571, 109, 2019-06-15T08:45:03.000Z
40.818233, 14.069571, 89, 2019-06-15T08:45:03.000Z
40.818233, 14.069571, 108, 2019-06-15T08:45:03.000Z
40.818233, 14.069571, 106, 2019-06-15T08:45:03.000Z
40.818233, 14.069571, 121, 2019-06-15T08:45:03.000Z
40.818233, 14.069571, 97, 2019-06-15T08:45:03.000Z
40.818233, 14.069571, 90, 2019-06-15T08:45:03.000Z
40.818233, 14.069571, 100, 2019-06-15T08:45:03.000Z
40.818233, 14.069571, 97, 2019-06-15T08:45:03.000Z
40.818233, 14.069571, 96, 2019-06-15T08:45:03.000Z
40.818233, 14.069571, 94, 2019-06-15T08:45:03.000Z
40.818233, 14.069571, 101, 2019-06-15T08:45:03.000Z
40.818233, 14.069571, 99, 2019-06-15T08:45:03.000Z
40.818233, 14.069571, 99, 2019-06-15T08:45:03.000Z
40.818233, 14.069571, 105, 2019-06-15T08:45:03.000Z
40.818233, 14.069571, 92, 2019-06-15T08:45:03.000Z
40.818233, 14.069571, 102, 2019-06-15T08:45:03.000Z
40.818233, 14.069571, 99, 2019-06-15T08:45:03.000Z
40.818233, 14.069571, 110, 2019-06-15T08:45:03.000Z
40.818233, 14.069571, 102, 2019-06-15T08:45:03.000Z
40.818233, 14.069571, 93, 2019-06-15T08:45:03.000Z
40.818233, 14.069571, 96, 2019-06-15T08:45:03.000Z
40.818233, 14.069571, 95, 2019-06-15T08:45:03.000Z
40.818233, 14.069571, 107, 2019-06-15T08:45:03.000Z
40.818233, 14.069571, 105, 2019-06-15T08:45:03.000Z
40.818233, 14.069571, 99, 2019-06-15T08:45:03.000Z
40.818233, 14.069571, 102, 2019-06-15T08:45:03.000Z
40.818233, 14.069571, 103, 2019-06-15T08:45:03.000Z
40.818233, 14.069571, 101, 2019-06-15T08:45:03.000Z
40.818233, 14.069571, 114, 2019-06-15T08:45:03.000Z
40.818233, 14.069571, 104, 2019-06-15T08:45:03.000Z
40.818233, 14.069571, 105, 2019-06-15T08:45:03.000Z
40.818233, 14.069571, 97, 2019-06-15T08:45:03.000Z
40.818233, 14.069571, 101, 2019-06-15T08:45:03.000Z
40.818233, 14.069571, 90, 2019-06-15T08:45:03.000Z
40.818233, 14.069571, 101, 2019-06-15T08:45:03.000Z
40.818233, 14.069571, 101, 2019-06-15T08:45:03.000Z
40.818233, 14.069571, 96, 2019-06-15T08:45:03.000Z
40.818233, 14.069571, 110, 2019-06-15T08:45:03.000Z
40.818233, 14.069571, 97, 2019-06-15T08:45:03.000Z
40.818233, 14.069571, 99, 2019-06-15T08:45:03.000Z
40.818233, 14.069571, 103, 2019-06-15T08:45:03.000Z
40.818233, 14.069571, 95, 2019-06-15T08:45:03.000Z
40.818233, 14.069571, 94, 2019-06-15T08:45:03.000Z
40.818233, 14.069571, 92, 2019-06-15T08:45:03.000Z
40.818233, 14.069571, 100, 2019-06-15T08:45:03.000Z
40.818233, 14.069571, 105, 2019-06-15T08:45:03.000Z
40.818233, 14.069571, 104, 2019-06-15T08:45:03.000Z
40.818233, 14.069571, 101, 2019-06-15T08:45:03.000Z
40.818233, 14.069571, 97, 2019-06-15T08:45:03.000Z
40.818233, 14.069571, 94, 2019-06-15T08:45:03.000Z
40.818233, 14.069571, 85, 2019-06-15T08:45:03.000Z
40.818233, 14.069571, 97, 2019-06-15T08:45:03.000Z
40.818233, 14.069571, 90, 2019-06-15T08:45:03.000Z
40.818233, 14.069571, 97, 2019-06-15T08:45:03.000Z
40.818233, 14.069571, 89, 2019-06-15T08:45:03.000Z
40.818233, 14.069571, 92, 2019-06-15T08:45:03.000Z
40.818233, 14.069571, 99, 2019-06-15T08:45:03.000Z
40.818233, 14.069571, 113, 2019-06-15T08:45:03.000Z
40.818233, 14.069571, 102, 2019-06-15T08:45:03.000Z
40.818233, 14.069571, 97, 2019-06-15T08:45:03.000Z
40.818233, 14.069571, 106, 2019-06-15T08:45:03.000Z
40.818233, 14.069571, 89, 2019-06-15T08:45:03.000Z
40.818233, 14.069571, 113, 2019-06-15T08:45:03.000Z
40.818233, 14.069571, 93, 2019-06-15T08:45:03.000Z
40.818233, 14.069571, 105, 2019-06-15T08:45:03.000Z
40.818233, 14.069571, 99, 2019-06-15T08:45:03.000Z
40.818233, 14.069571, 103, 2019-06-15T08:45:03.000Z
40.818233, 14.069571, 102, 2019-06-15T08:45:03.000Z
40.818233, 14.069571, 99, 2019-06-15T08:45:03.000Z
40.818233, 14.069571, 96, 2019-06-15T08:45:03.000Z
40.818233, 14.069571, 91, 2019-06-15T08:45:03.000Z
40.818233, 14.069571, 102, 2019-06-15T08:45:03.000Z
40.818233, 14.069571, 94, 2019-06-15T08:45:03.000Z
40.818233, 14.069571, 109, 2019-06-15T08:45:03.000Z
40.818233, 14.069571, 104, 2019-06-15T08:45:03.000Z
40.818233, 14.069571, 111, 2019-06-15T08:45:03.000Z
40.818233, 14.069571, 97, 2019-06-15T08:45:03.000Z
40.818233, 14.069571, 99, 2019-06-15T08:45:03.000Z
40.818233, 14.069571, 91, 2019-06-15T08:45:03.000Z
40.818233, 14.069571, 99, 2019-06-15T08:45:03.000Z
40.818233, 14.069571, 102, 2019-06-15T08:45:03.000Z
40.818233, 14.069571, 87, 2019-06-15T08:45:03.000Z
40.818233, 14.069571, 107, 2019-06-15T08:45:03.000Z
40.818233, 14.069571, 112, 2019-06-15T08:45:03.000Z
40.818233, 14.069571, 100, 2019-06-15T08:45:03.000Z
40.818233, 14.069571, 99, 2019-06-15T08:45:03.000Z
40.818233, 14.069571, 86, 2019-06-15T08:45:03.000Z
40.818233, 14.069571, 91, 2019-06-15T08:45:03.000Z
40.818233, 14.069571, 96, 2019-06-15T08:45:03.000Z
40.818233, 14.069571, 89, 2019-06-15T08:45:03.000Z
40.818233, 14.069571, 99, 2019-06-15T08:45:03.000Z
40.818233, 14.069571, 105, 2019-06-15T08:45:03.000Z
40.818233, 14.069571, 104, 2019-06-15T08:45:03.000Z
40.818233, 14.069571, 85, 2019-06-15T08:45:03.000Z
40.818233, 14.069571, 114, 2019-06-15T08:45:03.000Z
40.818233, 14.069571, 103, 2019-06-15T08:45:03.000Z
40.818233, 14.069571, 94, 2019-06-15T08:45:03.000Z
40.818233, 14.069571, 90, 2019-06-15T08:45:03.000Z
40.818233, 14.069571, 85, 2019-06-15T08:45:03.000Z
40.818233, 14.069571, 103, 2019-06-15T08:45:03.000Z
40.818233, 14.069571, 106, 2019-06-15T08:45:03.000Z
40.818233, 14.069571, 108, 2019-06-15T08:45:03.000Z
40.818233, 14.069571, 106, 2019-06-15T08:45:03.000Z
40.818233, 14.069571, 89, 2019-06-15T08:45:03.000Z
40.818233, 14.069571, 101, 2019-06-15T08:45:03.000Z
40.818233, 14.069571, 99, 2019-06-15T08:45:03.000Z
40.818233, 14.069571, 91, 2019-06-15T08:45:03.000Z
40.818233, 14.069571, 95, 2019-06-15T08:45:03.000Z
40.818233, 14.069571, 99, 2019-06-15T08:45:03.000Z
40.818233, 14.069571, 110, 2019-06-15T08:45:03.000Z
40.818233, 14.069571, 94, 2019-06-15T08:45:03.000Z
40.818233, 14.069571, 101, 2019-06-15T08:45:03.000Z
40.818233, 14.069571, 110, 2019-06-15T08:45:03.000Z
40.818233, 14.069571, 105, 2019-06-15T08:45:03.000Z
40.818233, 14.069571, 108, 2019-06-15T08:45:03.000Z
40.818233, 14.069571, 107, 2019-06-15T08:45:03.000Z
40.818233, 14.069571, 90, 2019-06-15T08:45:03.000Z
40.818233, 14.069571, 94, 2019-06-15T08:45:03.000Z
40.818233, 14.069571, 90, 2019-06-15T08:45:03.000Z
40.818233, 14.069571, 113, 2019-06-15T08:45:03.000Z
40.818233, 14.069571, 90, 2019-06-15T08:45:03.000Z
40.818233, 14.069571, 93, 2019-06-15T08:45:03.000Z
40.818233, 14.069571, 93, 2019-06-15T08:45:03.000Z
40.818233, 14.069571, 110, 2019-06-15T08:45:03.000Z
40.818233, 14.069571, 100, 2019-06-15T08:45:03.000Z
40.818233, 14.069571, 101, 2019-06-15T08:45:03.000Z
40.818233, 14.069571, 100, 2019-06-15T08:45:03.000Z
40.818233, 14.069571, 100, 2019-06-15T08:45:03.000Z
40.818233, 14.069571, 92, 2019-06-15T08:45:03.000Z
40.818233, 14.069571, 98, 2019-06-15T08:45:03.000Z
40.818233, 14.069571, 93, 2019-06-15T08:45:03.000Z
40.818233, 14.069571, 97, 2019-06-15T08:45:03.000Z
40.818233, 14.069571, 99, 2019-06-15T08:45:03.000Z
40.818233, 14.069571, 81, 2019-06-15T08:45:03.000Z
40.818233, 14.069571, 102, 2019-06-15T08:45:03.000Z
40.818233, 14.069571, 95, 2019-06-15T08:45:03.000Z
40.818233, 14.069571, 94, 2019-06-15T08:45:03.000Z
40.818233, 14.069571, 89, 2019-06-15T08:45:03.000Z
40.818233, 14.069571, 92, 2019-06-15T08:45:03.000Z
40.818233, 14.069571, 97, 2019-06-15T08:45:03.000Z
40.818233, 14.069571, 112, 2019-06-15T08:45:03.000Z
40.818233, 14.069571, 107, 2019-06-15T08:45:03.000Z
40.818233, 14.069571, 104, 2019-06-15T08:45:03.000Z
40.818233, 14.069571, 111, 2019-06-15T08:45:03.000Z
40.818233, 14.069571, 96, 2019-06-15T08:45:03.000Z
40.818233, 14.069571, 98, 2019-06-15T08:45:03.000Z
40.818233, 14.069571, 100, 2019-06-15T08:45:03.000Z
40.818233, 14.069571, 107, 2019-06-15T08:45:03.000Z
40.818233, 14.069571, 105, 2019-06-15T08:45:03.000Z
40.818233, 14.069571, 108, 2019-06-15T08:45:03.000Z
40.818233, 14.069571, 108, 2019-06-15T08:45:03.000Z
40.818233, 14.069571, 98, 2019-06-15T08:45:03.000Z
40.818233, 14.069571, 106, 2019-06-15T08:45:03.000Z
40.818233, 14.069571, 97, 2019-06-15T08:45:03.000Z
40.818233, 14.069571, 105, 2019-06-15T08:45:03.000Z
40.818233, 14.069571, 100, 2019-06-15T08:45:03.000Z
40.818233, 14.069571, 99, 2019-06-15T08:45:03.000Z
40.818233, 14.069571, 96, 2019-06-15T08:45:03.000Z
40.818233, 14.069571, 98, 2019-06-15T08:45:03.000Z
40.818233, 14.069571, 91, 2019-06-15T08:45:03.000Z
40.818233, 14.069571, 102, 2019-06-15T08:45:03.000Z
40.818233, 14.069571, 100, 2019-06-15T08:45:03.000Z
40.818233, 14.069571, 111, 2019-06-15T08:45:03.000Z
40.818233, 14.069571, 107, 2019-06-15T08:45:03.000Z
40.818233, 14.069571, 91, 2019-06-15T08:45:03.000Z
40.818233, 14.069571, 118, 2019-06-15T08:45:03.000Z
40.818233, 14.069571, 85, 2019-06-15T08:45:03.000Z
40.818233, 14.069571, 104, 2019-06-15T08:45:03.000Z
40.818233, 14.069571, 101, 2019-06-15T08:45:03.000Z
40.818233, 14.069571, 100, 2019-06-15T08:45:03.000Z
40.818233, 14.069571, 102, 2019-06-15T08:45:03.000Z
40.818233, 14.069571, 99, 2019-06-15T08:45:03.000Z
40.818233, 14.069571, 113, 2019-06-15T08:45:03.000Z
40.818233, 14.069571, 114, 2019-06-15T08:45:03.000Z
40.818233, 14.069571, 105, 2019-06-15T08:45:03.000Z
40.818233, 14.069571, 97, 2019-06-15T08:45:03.000Z
40.818233, 14.069571, 104, 2019-06-15T08:45:03.000Z
40.818233, 14.069571, 103, 2019-06-15T08:45:03.000Z
40.818233, 14.069571, 93, 2019-06-15T08:45:03.000Z
40.818233, 14.069571, 104, 2019-06-15T08:45:03.000Z
40.818233, 14.069571, 84, 2019-06-15T08:45:03.000Z
40.818233, 14.069571, 97, 2019-06-15T08:45:03.000Z
40.818233, 14.069571, 109, 2019-06-15T08:45:03.000Z
40.818233, 14.069571, 100, 2019-06-15T08:45:03.000Z
40.818233, 14.069571, 101, 2019-06-15T08:45:03.000Z
40.818233, 14.069571, 90, 2019-06-15T08:45:03.000Z
40.818233, 14.069571, 93, 2019-06-15T08:45:03.000Z
40.818233, 14.069571, 98, 2019-06-15T08:45:03.000Z
40.818233, 14.069571, 85, 2019-06-15T08:45:03.000Z
40.818233, 14.069571, 97, 2019-06-15T08:45:03.000Z
40.818233, 14.069571, 114, 2019-06-15T08:45:03.000Z
40.818233, 14.069571, 118, 2019-06-15T08:45:03.000Z
40.818233, 14.069571, 85, 2019-06-15T08:45:03.000Z
40.818233, 14.069571, 103, 2019-06-15T08:45:03.000Z
40.818233, 14.069571, 92, 2019-06-15T08:45:03.000Z
40.818233, 14.069571, 96, 2019-06-15T08:45:03.000Z
40.818233, 14.069571, 100, 2019-06-15T08:45:03.000Z
40.818233, 14.069571, 110, 2019-06-15T08:45:03.000Z
40.818233, 14.069571, 96, 2019-06-15T08:45:03.000Z
40.818233, 14.069571, 93, 2019-06-15T08:45:03.000Z
40.818233, 14.069571, 94, 2019-06-15T08:45:03.000Z
40.818233, 14.069571, 94, 2019-06-15T08:45:03.000Z
40.818233, 14.069571, 102, 2019-06-15T08:45:03.000Z
40.818233, 14.069571, 114, 2019-06-15T08:45:03.000Z
40.818233, 14.069571, 100, 2019-06-15T08:45:03.000Z
40.818233, 14.069571, 89, 2019-06-15T08:45:03.000Z
40.818233, 14.069571, 119, 2019-06-15T08:45:03.000Z
40.818233, 14.069571, 111, 2019-06-15T08:45:03.000Z
40.818233, 14.069571, 95, 2019-06-15T08:45:03.000Z
40.818233, 14.069571, 100, 2019-06-15T08:45:03.000Z
40.818233, 14.069571, 101, 2019-06-15T08:45:03.000Z
40.818233, 14.069571, 86, 2019-06-15T08:45:03.000Z
40.818233, 14.069571, 104, 2019-06-15T08:45:03.000Z
40.818233, 14.069571, 119, 2019-06-15T08:45:03.000Z
40.818233, 14.069571, 103, 2019-06-15T08:45:03.000Z
40.818233, 14.069571, 85, 2019-06-15T08:45:03.000Z
40.818233, 14.069571, 103, 2019-06-15T08:45:03.000Z
40.818233, 14.069571, 102, 2019-06-15T08:45:03.000Z
40.818233, 14.069571, 108, 2019-06-15T08:45:03.000Z
40.818233, 14.069571, 101, 2019-06-15T08:45:03.000Z
40.818233, 14.069571, 99, 2019-06-15T08:45:03.000Z
40.818233, 14.069571, 104, 2019-06-15T08:45:03.000Z
40.818233, 14.069571, 94, 2019-06-15T08:45:03.000Z
40.818233, 14.069571, 97, 2019-06-15T08:45:03.000Z
40.818233, 14.069571, 106, 2019-06-15T08:45:03.000Z
40.818233, 14.069571, 109, 2019-06-15T08:45:03.000Z
40.818233, 14.069571, 102, 2019-06-15T08:45:03.000Z
40.818233, 14.069571, 111, 2019-06-15T08:45:03.000Z
40.818233, 14.069571, 102, 2019-06-15T08:45:03.000Z
40.818233, 14.069571, 94, 2019-06-15T08:45:03.000Z
40.818233, 14.069571, 102, 2019-06-15T08:45:03.000Z
40.818233, 14.069571, 103, 2019-06-15T08:45:03.000Z
40.818233, 14.069571, 94, 2019-06-15T08:45:03.000Z
40.818233, 14.069571, 109, 2019-06-15T08:45:03.000Z
40.818233, 14.069571, 97, 2019-06-15T08:45:03.000Z
40.818233, 14.069571, 94, 2019-06-15T08:45:03.000Z
40.818233, 14.069571, 101, 2019-06-15T08:45:03.000Z
40.818233, 14.069571, 92, 2019-06-15T08:45:03.000Z
40.818233, 14.069571, 99, 2019-06-15T08:45:03.000Z
40.818233, 14.069571, 98, 2019-06-15T08:45:03.000Z
40.818233, 14.069571, 111, 2019-06-15T08:45:03.000Z
40.818233, 14.069571, 94, 2019-06-15T08:45:03.000Z
40.818233, 14.069571, 94, 2019-06-15T08:45:03.000Z
40.818233, 14.069571, 103, 2019-06-15T08:45:03.000Z
40.818233, 14.069571, 101, 2019-06-15T08:45:03.000Z
40.818233, 14.069571, 87, 2019-06-15T08:45:03.000Z
40.818233, 14.069571, 100, 2019-06-15T08:45:03.000Z
40.818233, 14.069571, 107, 2019-06-15T08:45:03.000Z
40.818233, 14.069571, 89, 2019-06-15T08:45:03.000Z
40.818233, 14.069571, 101, 2019-06-15T08:45:03.000Z
40.818233, 14.069571, 90, 2019-06-15T08:45:03.000Z
40.818233, 14.069571, 108, 2019-06-15T08:45:03.000Z
40.818233, 14.069571, 100, 2019-06-15T08:45:03.000Z
40.818233, 14.069571, 86, 2019-06-15T08:45:03.000Z
40.818233, 14.069571, 107, 2019-06-15T08:45:03.000Z
40.818233, 14.069571, 108, 2019-06-15T08:45:03.000Z
40.818233, 14.069571, 96, 2019-06-15T08:45:03.000Z
40.818233, 14.069571, 93, 2019-06-15T08:45:03.000Z
40.818233, 14.069571, 108, 2019-06-15T08:45:03.000Z
40.818233, 14.069571, 107, 2019-06-15T08:45:03.000Z
40.818233, 14.069571, 90, 2019-06-15T08:45:03.000Z
40.818233, 14.069571, 97, 2019-06-15T08:45:03.000Z
40.818233, 14.069571, 94, 2019-06-15T08:45:03.000Z
40.818233, 14.069571, 103, 2019-06-15T08:45:03.000Z
40.818233, 14.069571, 100, 2019-06-15T08:45:03.000Z
40.818233, 14.069571, 92, 2019-06-15T08:45:03.000Z
40.818233, 14.069571, 94, 2019-06-15T08:45:03.000Z
40.818233, 14.069571, 90, 2019-06-15T08:45:03.000Z
40.818233, 14.069571, 90, 2019-06-15T08:45:03.000Z
40.818233, 14.069571, 103, 2019-06-15T08:45:03.000Z
40.818233, 14.069571, 90, 2019-06-15T08:45:03.000Z
40.818233, 14.069571, 114, 2019-06-15T08:45:03.000Z
40.818233, 14.069571, 93, 2019-06-15T08:45:03.000Z
40.818233, 14.069571, 107, 2019-06-15T08:45:03.000Z
40.818233, 14.069571, 100, 2019-06-15T08:45:03.000Z
40.818233, 14.069571, 104, 2019-06-15T08:45:03.000Z
40.818233, 14.069571, 100, 2019-06-15T08:45:03.000Z
40.818233, 14.069571, 106, 2019-06-15T08:45:03.000Z
40.818233, 14.069571, 98, 2019-06-15T08:45:03.000Z
40.818233, 14.069571, 113, 2019-06-15T08:45:03.000Z
40.818233, 14.069571, 112, 2019-06-15T08:45:03.000Z
40.818233, 14.069571, 101, 2019-06-15T08:45:03.000Z
40.818233, 14.069571, 104, 2019-06-15T08:45:03.000Z
40.818233, 14.069571, 112, 2019-06-15T08:45:03.000Z
40.818233, 14.069571, 106, 2019-06-15T08:45:03.000Z
40.818233, 14.069571, 91, 2019-06-15T08:45:03.000Z
40.818233, 14.069571, 92, 2019-06-15T08:45:03.000Z
40.818233, 14.069571, 101, 2019-06-15T08:45:03.000Z
40.818233, 14.069571, 92, 2019-06-15T08:45:03.000Z
40.818233, 14.069571, 112, 2019-06-15T08:45:03.000Z
40.818233, 14.069571, 87, 2019-06-15T08:45:03.000Z
40.818233, 14.069571, 97, 2019-06-15T08:45:03.000Z
40.818233, 14.069571, 107, 2019-06-15T08:45:03.000Z
40.818233, 14.069571, 102, 2019-06-15T08:45:03.000Z
40.818233, 14.069571, 108, 2019-06-15T08:45:03.000Z
40.818233, 14.069571, 107, 2019-06-15T08:45:03.000Z
40.818233, 14.069571, 99, 2019-06-15T08:45:03.000Z
40.818233, 14.069571, 99, 2019-06-15T08:45:03.000Z
40.818233, 14.069571, 103, 2019-06-15T08:45:03.000Z
40.818233, 14.069571, 104, 2019-06-15T08:45:03.000Z
40.818233, 14.069571, 95, 2019-06-15T08:45:03.000Z
40.818233, 14.069571, 99, 2019-06-15T08:45:03.000Z
40.818233, 14.069571, 99, 2019-06-15T08:45:03.000Z
40.818233, 14.069571, 99, 2019-06-15T08:45:03.000Z
40.818233, 14.069571, 102, 2019-06-15T08:45:03.000Z
40.818233, 14.069571, 112, 2019-06-15T08:45:03.000Z
40.818233, 14.069571, 94, 2019-06-15T08:45:03.000Z
40.818233, 14.069571, 96, 2019-06-15T08:45:03.000Z
40.818233, 14.069571, 111, 2019-06-15T08:45:03.000Z
40.818233, 14.069571, 102, 2019-06-15T08:45:03.000Z
40.818233, 14.069571, 100, 2019-06-15T08:45:03.000Z
40.818233, 14.069571, 96, 2019-06-15T08:45:03.000Z
40.818233, 14.069571, 108, 2019-06-15T08:45:03.000Z
40.818233, 14.069571, 98, 2019-06-15T08:45:03.000Z
40.818233, 14.069571, 99, 2019-06-15T08:45:03.000Z
40.818233, 14.069571, 102, 2019-06-15T08:45:03.000Z
40.818233, 14.069571, 97, 2019-06-15T08:45:03.000Z
40.818233, 14.069571, 104, 2019-06-15T08:45:03.000Z
40.818233, 14.069571, 100, 2019-06-15T08:45:03.000Z
40.818233, 14.069571, 108, 2019-06-15T08:45:03.000Z
40.818233, 14.069571, 112, 2019-06-15T08:45:03.000Z
40.818233, 14.069571, 97, 2019-06-15T08:45:03.000Z
40.818233, 14.069571, 103, 2019-06-15T08:45:03.000Z
40.818233, 14.069571, 106, 2019-06-15T08:45:03.000Z
40.818233, 14.069571, 105, 2019-06-15T08:45:03.000Z
40.818233, 14.069571, 109, 2019-06-15T08:45:03.000Z
40.818233, 14.069571, 97, 2019-06-15T08:45:03.000Z
40.818233, 14.069571, 87, 2019-06-15T08:45:03.000Z
40.818233, 14.069571, 110, 2019-06-15T08:45:03.000Z
40.818233, 14.069571, 95, 2019-06-15T08:45:03.000Z
40.818233, 14.069571, 103, 2019-06-15T08:45:03.000Z
40.818233, 14.069571, 104, 2019-06-15T08:45:03.000Z
40.818233, 14.069571, 102, 2019-06-15T08:45:03.000Z
40.818233, 14.069571, 93, 2019-06-15T08:45:03.000Z
40.818233, 14.069571, 94, 2019-06-15T08:45:03.000Z
40.818233, 14.069571, 92, 2019-06-15T08:45:03.000Z
40.818233, 14.069571, 107, 2019-06-15T08:45:03.000Z
40.818233, 14.069571, 110, 2019-06-15T08:45:03.000Z
40.818233, 14.069571, 92, 2019-06-15T08:45:03.000Z
40.818233, 14.069571, 99, 2019-06-15T08:45:03.000Z
40.818233, 14.069571, 105, 2019-06-15T08:45:03.000Z
40.818233, 14.069571, 104, 2019-06-15T08:45:03.000Z
40.818233, 14.069571, 99, 2019-06-15T08:45:03.000Z
40.818233, 14.069571, 102, 2019-06-15T08:45:03.000Z
40.818233, 14.069571, 102, 2019-06-15T08:45:03.000Z
40.818233, 14.069571, 99, 2019-06-15T08:45:03.000Z
40.818233, 14.069571, 102, 2019-06-15T08:45:03.000Z
40.818233, 14.069571, 106, 2019-06-15T08:45:03.000Z
40.818233, 14.069571, 101, 2019-06-15T08:45:03.000Z
40.818233, 14.069571, 93, 2019-06-15T08:45:03.000Z
40.818233, 14.069571, 104, 2019-06-15T08:45:03.000Z
40.818233, 14.069571, 84, 2019-06-15T08:45:03.000Z
40.818233, 14.069571, 106, 2019-06-15T08:45:03.000Z
40.818233, 14.069571, 87, 2019-06-15T08:45:03.000Z
40.818233, 14.069571, 92, 2019-06-15T08:45:03.000Z
40.818233, 14.069571, 98, 2019-06-15T08:45:03.000Z
40.818233, 14.069571, 98, 2019-06-15T08:45:03.000Z
40.818233, 14.069571, 84, 2019-06-15T08:45:03.000Z
40.818233, 14.069571, 107, 2019-06-15T08:45:03.000Z
40.818233, 14.069571, 101, 2019-06-15T08:45:03.000Z
40.818233, 14.069571, 107, 2019-06-15T08:45:03.000Z
40.818233, 14.069571, 105, 2019-06-15T08:45:03.000Z
40.818233, 14.069571, 99, 2019-06-15T08:45:03.000Z
40.818233, 14.069571, 93, 2019-06-15T08:45:03.000Z
40.818233, 14.069571, 102, 2019-06-15T08:45:03.000Z
40.818233, 14.069571, 106, 2019-06-15T08:45:03.000Z
40.818233, 14.069571, 103, 2019-06-15T08:45:03.000Z
40.818233, 14.069571, 104, 2019-06-15T08:45:03.000Z
40.818233, 14.069571, 102, 2019-06-15T08:45:03.000Z
40.818233, 14.069571, 97, 2019-06-15T08:45:03.000Z
40.818233, 14.069571, 101, 2019-06-15T08:45:03.000Z
40.818233, 14.069571, 99, 2019-06-15T08:45:03.000Z
40.818233, 14.069571, 99, 2019-06-15T08:45:03.000Z
40.818233, 14.069571, 101, 2019-06-15T08:45:03.000Z
40.818233, 14.069571, 99, 2019-06-15T08:45:03.000Z
40.818233, 14.069571, 106, 2019-06-15T08:45:03.000Z
40.818233, 14.069571, 111, 2019-06-15T08:45:03.000Z
40.818233, 14.069571, 99, 2019-06-15T08:45:03.000Z
40.818233, 14.069571, 106, 2019-06-15T08:45:03.000Z
40.818233, 14.069571, 101, 2019-06-15T08:45:03.000Z
40.818233, 14.069571, 100, 2019-06-15T08:45:03.000Z
40.818233, 14.069571, 105, 2019-06-15T08:45:03.000Z
40.818233, 14.069571, 112, 2019-06-15T08:45:03.000Z
40.818233, 14.069571, 96, 2019-06-15T08:45:03.000Z
40.818233, 14.069571, 95, 2019-06-15T08:45:03.000Z
40.818233, 14.069571, 103, 2019-06-15T08:45:03.000Z
40.818233, 14.069571, 109, 2019-06-15T08:45:03.000Z
40.818233, 14.069571, 102, 2019-06-15T08:45:03.000Z
40.818233, 14.069571, 99, 2019-06-15T08:45:03.000Z
40.818233, 14.069571, 104, 2019-06-15T08:45:03.000Z
40.818233, 14.069571, 101, 2019-06-15T08:45:03.000Z
40.818233, 14.069571, 103, 2019-06-15T08:45:03.000Z
40.818233, 14.069571, 99, 2019-06-15T08:45:03.000Z
40.818233, 14.069571, 98, 2019-06-15T08:45:03.000Z
40.818233, 14.069571, 97, 2019-06-15T08:45:03.000Z
40.818233, 14.069571, 106, 2019-06-15T08:45:03.000Z
40.818233, 14.069571, 120, 2019-06-15T08:45:03.000Z
40.818233, 14.069571, 94, 2019-06-15T08:45:03.000Z
40.818233, 14.069571, 111, 2019-06-15T08:45:03.000Z
40.818233, 14.069571, 103, 2019-06-15T08:45:03.000Z
40.818233, 14.069571, 92, 2019-06-15T08:45:03.000Z
40.818233, 14.069571, 99, 2019-06-15T08:45:03.000Z
40.818233, 14.069571, 99, 2019-06-15T08:45:03.000Z
40.818233, 14.069571, 101, 2019-06-15T08:45:03.000Z
40.818233, 14.069571, 100, 2019-06-15T08:45:03.000Z
40.818233, 14.069571, 108, 2019-06-15T08:45:03.000Z
40.818233, 14.069571, 103, 2019-06-15T08:45:03.000Z
40.818233, 14.069571, 104, 2019-06-15T08:45:03.000Z
40.818233, 14.069571, 85, 2019-06-15T08:45:03.000Z
40.818233, 14.069571, 115, 2019-06-15T08:45:03.000Z
40.818233, 14.069571, 91, 2019-06-15T08:45:03.000Z
40.818233, 14.069571, 99, 2019-06-15T08:45:03.000Z
40.818233, 14.069571, 98, 2019-06-15T08:45:03.000Z
40.818233, 14.069571, 88, 2019-06-15T08:45:03.000Z
40.818233, 14.069571, 106, 2019-06-15T08:45:03.000Z
40.818233, 14.069571, 103, 2019-06-15T08:45:03.000Z
40.818233, 14.069571, 89, 2019-06-15T08:45:03.000Z
40.818233, 14.069571, 104, 2019-06-15T08:45:03.000Z
40.818233, 14.069571, 93, 2019-06-15T08:45:03.000Z
40.818233, 14.069571, 105, 2019-06-15T08:45:03.000Z
40.818233, 14.069571, 113, 2019-06-15T08:45:03.000Z
40.818233, 14.069571, 98, 2019-06-15T08:45:03.000Z
40.818233, 14.069571, 91, 2019-06-15T08:45:03.000Z
40.818233, 14.069571, 103, 2019-06-15T08:45:03.000Z
40.818233, 14.069571, 103, 2019-06-15T08:45:03.000Z
40.818233, 14.069571, 93, 2019-06-15T08:45:03.000Z
40.818233, 14.069571, 99, 2019-06-15T08:45:03.000Z
40.818233, 14.069571, 97, 2019-06-15T08:45:03.000Z
40.818233, 14.069571, 95, 2019-06-15T08:45:03.000Z
40.818233, 14.069571, 111, 2019-06-15T08:45:03.000Z
40.818233, 14.069571, 101, 2019-06-15T08:45:03.000Z
40.818233, 14.069571, 103, 2019-06-15T08:45:03.000Z
40.818233, 14.069571, 102, 2019-06-15T08:45:03.000Z
40.818233, 14.069571, 106, 2019-06-15T08:45:03.000Z
40.818233, 14.069571, 94, 2019-06-15T08:45:03.000Z
40.818233, 14.069571, 105, 2019-06-15T08:45:03.000Z
40.818233, 14.069571, 83, 2019-06-15T08:45:03.000Z
40.818233, 14.069571, 112, 2019-06-15T08:45:03.000Z
40.818233, 14.069571, 89, 2019-06-15T08:45:03.000Z
40.818233, 14.069571, 105, 2019-06-15T08:45:03.000Z
40.818233, 14.069571, 84, 2019-06-15T08:45:03.000Z
40.818233, 14.069571, 86, 2019-06-15T08:45:03.000Z
40.818233, 14.069571, 92, 2019-06-15T08:45:03.000Z
40.818233, 14.069571, 83, 2019-06-15T08:45:03.000Z
40.818233, 14.069571, 102, 2019-06-15T08:45:03.000Z
40.818233, 14.069571, 101, 2019-06-15T08:45:03.000Z
40.818233, 14.069571, 102, 2019-06-15T08:45:03.000Z
40.818233, 14.069571, 103, 2019-06-15T08:45:03.000Z
40.818233, 14.069571, 95, 2019-06-15T08:45:03.000Z
40.818233, 14.069571, 108, 2019-06-15T08:45:03.000Z
40.818233, 14.069571, 94, 2019-06-15T08:45:03.000Z
40.818233, 14.069571, 103, 2019-06-15T08:45:03.000Z
40.818233, 14.069571, 104, 2019-06-15T08:45:03.000Z
40.818233, 14.069571, 108, 2019-06-15T08:45:03.000Z
40.818233, 14.069571, 96, 2019-06-15T08:45:03.000Z
40.818233, 14.069571, 100, 2019-06-15T08:45:03.000Z
40.818233, 14.069571, 115, 2019-06-15T08:45:03.000Z
40.818233, 14.069571, 104, 2019-06-15T08:45:03.000Z
40.818233, 14.069571, 110, 2019-06-15T08:45:03.000Z
40.818233, 14.069571, 103, 2019-06-15T08:45:03.000Z
