191,33.69
191,33.69
192,33.76
191,33.73
191,33.73
192,33.73
192,33.76
192,33.76
191,33.76
192,33.76
192,33.76
192,33.76
192,33.76
192,33.76
192,33.76
192,33.76
192,33.76
192,33.76
192,33.73
192,33.73
192,33.76
192,33.73
191,33.76
191,33.76
192,33.76
192,33.76
192,33.76
192,33.76
192,33.76
192,33.76
192,33.76
192,33.80
192,33.76
192,33.76
192,33.73
192,33.76
191,33.76
192,33.73
192,33.80
192,33.76
192,33.76
192,33.73
192,33.76
192,33.76
192,33.76
192,33.76
192,33.76
192,33.73
193,33.73
193,33.76
193,33.76
193,33.76
193,33.76
193,33.76
193,33.76
193,33.76
193,33.73
193,33.76
194,33.76
194,33.76
194,33.73
193,33.73
193,33.73
192,33.76
192,33.73
192,33.73
192,33.76
196,33.73
194,33.73
194,33.73
194,33.73
194,33.73
194,33.73
193,33.69
194,33.73
194,33.69
194,33.69
194,33.69
195,33.63
196,33.63
196,33.59
195,33.56
195,33.56
194,33.53
194,33.53
190,33.53
191,33.49
192,33.49
195,33.49
195,33.49
195,33.46
195,33.46
195,33.49
196,33.46
196,33.46
196,33.42
196,33.42
196,33.36
196,33.36
196,33.29
196,33.25
196,33.25
196,33.19
196,33.15
196,33.12
196,33.08
196,33.02
196,32.98
196,32.98
196,32.95
196,32.91
196,32.91
197,32.88
197,32.85
197,32.85
197,32.85
197,32.85
198,32.85
197,32.81
197,32.81
197,32.81
198,32.85
199,32.85
199,32.85
197,32.85
197,32.85
197,32.85
197,32.88
198,32.85
198,32.85
198,32.81
198,32.88
198,32.88
199,32.85
199,32.88
199,32.88
199,32.88
199,32.85
199,32.85
199,32.81
199,32.81
199,32.75
199,32.71
200,32.68
200,32.64
200,32.61
200,32.58
200,32.54
200,32.47
200,32.47
200,32.44
200,32.47
200,32.44
200,32.44
200,32.44
200,32.44
200,32.44
200,32.44
199,32.47
199,32.47
201,32.51
202,32.51
202,32.47
202,32.51
202,32.51
203,32.51
203,32.54
203,32.54
203,32.54
202,32.54
203,32.54
203,32.58
203,32.54
203,32.54
202,32.54
203,32.54
203,32.58
202,32.54
203,32.54
203,32.51
203,32.54
203,32.47
203,32.47
203,32.47
203,32.44
203,32.41
203,32.41
203,32.37
203,32.37
203,32.34
203,32.37
203,32.30
203,32.30
203,32.27
203,32.27
203,32.27
203,32.24
203,32.20
203,32.20
204,32.17
204,32.17
203,32.14
203,32.14
203,32.17
203,32.10
203,32.07
203,32.07
203,32.03
203,32.00
203,32.00
203,32.00
203,31.97
203,31.97
203,32.00
203,32.00
203,32.00
203,32.00
203,32.00
202,31.97
202,32.00
202,32.00
202,32.00
202,32.00
203,32.00
204,32.00
203,32.03
203,32.00
203,32.00
203,31.97
203,31.97
204,31.93
203,31.90
203,31.90
203,31.86
203,31.83
203,31.80
203,31.76
203,31.73
204,31.73
204,31.66
204,31.63
203,31.63
203,31.59
203,31.56
203,31.56
203,31.56
203,31.52
203,31.52
203,31.49
203,31.52
204,31.49
204,31.49
204,31.46
204,31.46
204,31.39
204,31.36
204,31.36
204,31.32
204,31.32
204,31.29
204,31.25
203,31.25
204,31.22
204,31.22
204,31.22
204,31.19
204,31.15
199,31.15
192,31.12
198,31.12
199,31.08
200,31.08
202,31.08
202,31.05
203,31.05
205,31.02
205,31.02
205,31.02
205,30.98
205,30.98
205,30.98
205,30.95
205,30.98
205,30.98
205,30.95
205,30.91
205,30.95
205,30.95
204,30.95
205,30.95
205,31.02
206,30.98
206,30.98
205,30.98
205,30.98
204,30.98
205,31.02
206,31.02
206,31.02
206,31.02
206,30.98
205,30.91
206,30.85
206,30.81
205,30.81
206,30.81
206,30.81
206,30.85
206,30.85
206,30.88
205,30.88
205,30.88
206,30.88
206,30.88
206,30.88
205,30.88
206,30.91
206,30.91
207,30.91
206,30.91
206,30.88
206,30.88
206,30.85
206,30.85
206,30.85
206,30.85
206,30.81
206,30.81
206,30.81
206,30.81
206,30.85
206,30.85
206,30.81
206,30.85
206,30.85
207,30.85
207,30.85
206,30.85
207,30.88
207,30.88
207,30.88
207,30.85
207,30.85
207,30.85
207,30.85
208,30.85
209,30.85
209,30.85
208,30.85
207,30.81
207,30.85
207,30.85
207,30.85
206,30.85
206,30.85
206,30.81
207,30.85
207,30.85
207,30.85
207,30.81
208,30.81
208,30.81
208,30.81
208,30.81
208,30.81
210,30.81
