767,27.63,32.30
767,27.97,32.30
766,27.63,32.30
767,27.63,32.27
767,27.63,32.24
767,27.63,32.10
767,27.63,31.90
767,27.63,31.80
767,27.63,31.66
767,27.63,31.69
767,27.63,31.59
767,27.63,31.49
767,27.63,31.39
767,27.63,31.39
767,27.63,31.42
767,27.63,31.08
767,27.63,30.78
767,27.97,30.61
767,27.97,30.51
767,27.97,30.44
767,27.97,30.37
767,28.31,30.31
767,27.97,30.37
767,27.97,30.34
767,27.97,30.31
767,28.31,30.20
765,28.31,30.14
766,28.31,30.10
766,28.31,29.97
766,28.31,29.80
767,28.31,29.70
767,28.31,29.59
767,28.65,29.53
766,28.65,29.49
767,28.65,29.42
767,28.65,29.42
767,28.65,29.53
767,28.98,29.49
767,28.98,29.53
767,28.98,29.73
767,28.98,29.83
767,28.98,29.86
767,29.32,29.83
767,29.32,29.90
767,29.32,29.97
766,29.32,30.03
767,29.32,30.10
766,29.32,30.14
767,29.32,30.14
766,29.32,30.20
767,29.32,30.27
767,29.32,30.27
767,29.32,30.31
767,29.66,30.24
767,29.32,30.24
767,127.98,17.56
767,30.34,26.07
767,1146.40,-92.50
766,29.66,-34.49
767,29.66,30.24
767,29.32,30.24
767,29.32,30.44
767,29.66,30.51
767,29.32,30.51
767,29.32,30.41
767,28.98,30.20
767,29.32,30.17
767,28.98,30.07
767,28.98,30.03
767,28.98,29.97
767,29.32,29.86
766,28.98,29.73
767,28.98,29.73
767,29.32,29.80
767,29.32,29.83
767,29.32,29.86
767,29.32,29.83
767,29.66,29.86
766,29.32,29.83
767,29.66,29.86
767,29.32,29.86
767,29.32,29.86
767,29.66,29.83
767,29.66,29.80
766,29.66,29.86
766,29.66,29.93
767,29.66,29.93
767,29.66,29.93
767,29.66,30.00
767,29.66,30.00
