577,-242.02,30.75
575,-242.02,30.78
574,214090160.00,30.78
573,214090160.00,30.81
572,214090160.00,30.81
571,214090160.00,30.85
570,214090160.00,30.85
568,214090160.00,30.85
567,214090160.00,30.85
565,214090160.00,30.85
564,214090160.00,30.81
563,214090160.00,30.85
562,214090160.00,30.88
561,214090160.00,30.85
560,214090160.00,30.85
560,214090160.00,30.85
559,214090160.00,30.85
558,214090160.00,30.85
557,214090160.00,30.85
556,214090160.00,30.85
553,214090160.00,30.81
546,214090160.00,30.81
549,214090160.00,30.85
551,214090160.00,30.85
551,214090160.00,30.85
550,214090160.00,30.81
548,214090160.00,30.85
546,214090160.00,30.81
545,214090160.00,30.81
545,214090160.00,30.81
544,214090160.00,30.78
542,214090160.00,30.78
540,214090160.00,30.81
542,214090160.00,30.78
541,214090160.00,30.78
539,214090160.00,30.78
537,214090160.00,30.78
537,214090160.00,30.75
535,214090160.00,30.75
534,214090160.00,30.78
532,214090160.00,30.75
531,214090160.00,30.71
529,214090160.00,30.71
528,214090160.00,30.68
527,214090160.00,30.68
526,214090160.00,30.68
525,214090160.00,30.68
523,214090160.00,30.64
522,214090160.00,30.64
520,214090160.00,30.68
519,214090160.00,30.64
518,214090160.00,30.64
517,214090160.00,30.64
515,214090160.00,30.64
514,214090160.00,30.61
514,214090160.00,30.61
512,214090160.00,30.61
511,214090160.00,30.58
510,214090160.00,30.61
508,214090160.00,30.61
508,214090160.00,30.58
506,214090160.00,30.54
505,214090160.00,30.58
504,214090160.00,30.58
497,214090160.00,30.54
473,214090160.00,30.54
437,214090160.00,30.51
357,214090160.00,30.47
348,214090160.00,30.44
362,214090160.00,30.41
397,214090160.00,30.41
451,214090160.00,30.37
455,214090160.00,30.34
458,214090160.00,30.34
475,214090160.00,30.31
489,214090160.00,30.31
492,214090160.00,30.31
494,214090160.00,30.31
494,214090160.00,30.31
494,214090160.00,30.31
493,214090160.00,30.27
493,214090160.00,30.27
492,214090160.00,30.27
492,214090160.00,30.24
492,214090160.00,30.27
491,214090160.00,30.27
491,214090160.00,30.27
491,214090160.00,30.27
491,214090160.00,30.31
490,214090160.00,30.27
491,214090160.00,30.27
490,214090160.00,30.27
491,214090160.00,30.27
491,214090160.00,30.27
491,214090160.00,30.27
490,214090160.00,30.27
486,214090160.00,30.27
386,214090160.00,30.27
416,214090160.00,30.24
410,214090160.00,30.24
428,214090160.00,30.27
449,214090160.00,30.24
456,214090160.00,30.24
455,214090160.00,30.27
455,214090160.00,30.24
456,214090160.00,30.24
456,214090160.00,30.20
456,214090160.00,30.20
456,214090160.00,30.24
459,214090160.00,30.24
459,214090160.00,30.20
459,214090160.00,30.20
446,214090160.00,30.24
459,214090160.00,30.24
498,214090160.00,30.24
501,214090160.00,30.24
502,214090160.00,30.20
502,214090160.00,30.24
502,214090160.00,30.24
502,214090160.00,30.27
502,214090160.00,30.24
502,214090160.00,30.27
503,214090160.00,30.27
504,214090160.00,30.27
505,214090160.00,30.27
506,214090160.00,30.27
506,214090160.00,30.31
507,214090160.00,30.27
508,214090160.00,30.27
509,214090160.00,30.27
510,214090160.00,30.27
511,214090160.00,30.24
512,214090160.00,30.27
512,214090160.00,30.24
513,214090160.00,30.24
513,214090160.00,30.27
513,214090160.00,30.27
514,214090160.00,30.24
515,214090160.00,30.27
515,214090160.00,30.24
516,214090160.00,30.27
517,214090160.00,30.27
517,214090160.00,30.27
518,214090160.00,30.27
519,214090160.00,30.27
519,214090160.00,30.24
521,214090160.00,30.24
521,214090160.00,30.24
522,214090160.00,30.24
523,214090160.00,30.24
523,214090160.00,30.24
524,214090160.00,30.24
524,214090160.00,30.20
525,214090160.00,30.17
526,214090160.00,30.17
526,214090160.00,30.14
527,214090160.00,30.10
527,214090160.00,30.10
528,-242.02,30.03
528,-242.02,30.03
529,-242.02,30.07
529,-242.02,30.03
529,-242.02,30.00
529,-242.02,30.03
529,-242.02,30.00
530,-242.02,30.00
537,-242.02,30.00
554,-242.02,30.00
585,-242.02,30.00
637,-242.02,30.03
695,-242.02,30.03
733,-242.02,30.03
765,-242.02,30.07
765,-242.02,30.07
765,-242.02,30.07
765,-242.02,30.10
765,-242.02,30.10
765,-242.02,30.10
765,-242.02,30.10
765,-242.02,30.14
766,-242.02,30.10
738,-242.02,30.10
706,-242.02,30.10
676,-242.02,30.14
649,-242.02,30.10
620,-242.02,30.14
596,-242.02,30.14
577,-242.02,30.14
561,-242.02,30.14
548,-242.02,30.14
538,-242.02,30.14
531,-242.02,30.14
527,-242.02,30.17
524,-242.02,30.17
523,-242.02,30.17
521,-242.02,30.17
520,-242.02,30.17
520,-242.02,30.17
519,-242.02,30.17
518,-242.02,30.20
518,-242.02,30.17
517,-242.02,30.17
516,-242.02,30.17
515,-242.02,30.17
515,-242.02,30.17
513,-242.02,30.17
511,-242.02,30.20
511,-242.02,30.20
510,-242.02,30.17
509,-242.02,30.17
509,-242.02,30.17
508,-242.02,30.17
508,-242.02,30.17
507,-242.02,30.17
507,-242.02,30.17
507,-242.02,30.20
507,-242.02,30.17
508,-242.02,30.17
507,-242.02,30.20
507,-242.02,30.17
506,-242.02,30.20
507,-242.02,30.20
507,-242.02,30.20
506,-242.02,30.20
507,-242.02,30.20
506,-242.02,30.20
506,-242.02,30.17
505,-242.02,30.17
505,-242.02,30.20
505,-242.02,30.17
505,-242.02,30.14
506,-242.02,30.17
506,-242.02,30.14
506,-242.02,30.17
506,-242.02,30.14
506,-242.02,30.17
507,-242.02,30.14
506,-242.02,30.14
506,-242.02,30.14
505,-242.02,30.14
506,-242.02,30.14
505,-242.02,30.14
501,-242.02,30.14
504,-242.02,30.14
505,-242.02,30.10
505,-242.02,30.10
505,-242.02,30.10
506,-242.02,30.10
507,-242.02,30.14
506,-242.02,30.10
507,-242.02,30.07
509,-242.02,30.10
510,-242.02,30.07
512,-242.02,30.07
513,-242.02,30.07
513,-242.02,30.10
514,-242.02,30.07
514,-242.02,30.07
515,-242.02,30.07
516,-242.02,30.07
516,-242.02,30.10
517,-242.02,30.10
517,-242.02,30.07
517,-242.02,30.10
518,-242.02,30.10
519,-242.02,30.10
520,-242.02,30.03
520,-242.02,30.07
521,-242.02,30.07
522,-242.02,30.07
522,-242.02,30.07
524,-242.02,30.03
524,-242.02,30.03
525,-242.02,30.00
526,-242.02,30.03
527,-242.02,30.00
528,-242.02,29.97
529,-242.02,30.00
531,-242.02,29.97
532,-242.02,30.00
533,-242.02,29.97
534,-242.02,29.97
536,-242.02,29.93
538,-242.02,29.93
539,-242.02,29.93
540,-242.02,29.93
541,-242.02,29.93
542,-242.02,29.93
544,-242.02,29.90
545,-242.02,29.90
547,-242.02,29.86
548,-242.02,29.83
549,-242.02,29.83
550,-242.02,29.80
551,-242.02,29.76
552,-242.02,29.73
551,-242.02,29.70
541,-242.02,28.95
323,-242.02,28.65
518,-242.02,28.37
557,-242.02,28.24
561,-242.02,28.04
563,-242.02,28.00
565,-242.02,27.90
567,-242.02,27.83
569,-242.02,27.73
570,-242.02,27.66
570,-242.02,27.49
504,-242.02,27.43
304,-242.02,27.39
257,-242.02,27.43
235,-242.02,27.49
525,-242.02,27.53
356,-242.02,27.63
765,-242.02,27.73
765,-242.02,27.77
765,-242.02,27.73
765,-242.02,27.83
765,-242.02,27.80
765,-242.02,27.77
765,-242.02,27.73
765,-242.02,27.80
668,-242.02,27.80
423,-242.02,27.73
484,-242.02,27.73
747,-242.02,27.66
765,-242.02,27.43
765,-242.02,27.46
765,-242.02,27.36
765,-242.02,27.36
765,-242.02,27.49
765,-242.02,27.56
765,-242.02,27.70
765,-242.02,27.73
765,-242.02,27.77
765,-242.02,27.77
765,-242.02,27.80
765,-242.02,27.73
765,-242.02,27.77
765,-242.02,27.77
765,-242.02,27.77
765,-242.02,27.77
765,-242.02,27.83
765,-242.02,27.83
765,-242.02,27.87
765,-242.02,27.87
765,-242.02,27.90
765,-242.02,27.97
765,-242.02,27.97
765,-242.02,28.00
765,-242.02,28.00
765,-242.02,28.00
765,-242.02,28.04
765,-242.02,28.10
765,-242.02,28.17
765,-242.02,28.21
765,-242.02,28.31
765,-242.02,28.31
765,-242.02,28.44
765,-242.02,28.54
765,-242.02,28.65
765,-242.02,28.71
765,-242.02,28.71
765,-242.02,28.81
763,-242.02,28.85
765,-242.02,28.88
765,-242.02,28.92
765,-242.02,28.95
765,-242.02,28.88
765,-242.02,28.81
765,-242.02,28.78
765,-242.02,28.78
765,-242.02,28.75
765,-242.02,28.71
765,-242.02,28.68
765,-242.02,28.71
765,-242.02,28.75
765,-242.02,28.81
765,-242.02,28.92
765,-242.02,28.98
765,-242.02,29.09
765,-242.02,29.15
765,-242.02,29.19
765,-242.02,29.22
765,-242.02,29.29
765,-242.02,29.32
765,-242.02,29.36
765,-242.02,29.46
765,-242.02,29.53
765,-242.02,29.59
765,-242.02,29.66
765,-242.02,29.66
765,-242.02,29.70
765,-242.02,29.73
765,-242.02,29.73
765,-242.02,29.80
765,-242.02,29.73
765,-242.02,29.70
765,-242.02,29.70
765,-242.02,29.70
765,-242.02,29.73
765,-242.02,29.83
765,-242.02,29.90
765,-242.02,30.00
765,-242.02,30.07
765,-242.02,30.14
765,-242.02,30.17
765,-242.02,30.20
765,-242.02,30.24
766,-242.02,30.24
765,-242.02,30.31
765,-242.02,30.27
765,-242.02,30.27
766,-242.02,30.34
765,-242.02,30.37
765,-242.02,30.41
766,-242.02,30.44
765,-242.02,30.47
766,-242.02,30.47
766,-242.02,30.47
765,-242.02,30.51
766,-242.02,30.54
765,-242.02,30.51
764,-242.02,30.44
765,-242.02,30.51
766,-242.02,30.44
766,-242.02,30.54
766,-242.02,30.58
766,-242.02,30.61
766,-242.02,30.61
766,-242.02,30.44
766,-242.02,30.41
766,-242.02,30.34
766,-242.02,30.31
766,-242.02,30.31
766,-242.02,30.41
766,-242.02,30.54
766,-242.02,30.64
766,-242.02,30.78
766,-242.02,30.88
766,-242.02,30.91
766,-242.02,31.02
766,-242.02,31.08
766,-242.02,31.12
766,-242.02,31.15
766,-242.02,31.19
766,-242.02,31.19
766,-242.02,31.15
766,-242.02,31.15
766,-242.02,31.08
766,-242.02,31.02
766,-242.02,30.98
766,-242.02,30.95
766,-242.02,30.95
766,-242.02,30.88
766,-242.02,30.91
766,-242.02,30.88
766,-242.02,30.78
766,-242.02,30.58
766,-242.02,30.37
766,-242.02,30.24
766,-242.02,30.24
766,-242.02,30.24
766,-242.02,30.20
766,-242.02,30.10
766,-242.02,30.00
766,-242.02,29.97
766,-242.02,29.90
766,-242.02,29.83
766,-242.02,29.83
766,-242.02,29.76
766,-242.02,29.73
766,-242.02,29.73
766,-242.02,29.70
766,-242.02,29.70
766,-242.02,29.73
766,-242.02,29.73
766,-242.02,29.80
766,-242.02,29.83
766,-242.02,29.80
766,-242.02,29.80
766,-242.02,29.80
766,-242.02,29.86
766,-242.02,29.86
766,-242.02,29.93
766,-242.02,30.03
766,-242.02,30.03
766,-242.02,30.07
766,-242.02,30.07
766,-242.02,30.07
766,-242.02,30.14
766,-242.02,30.20
766,-242.02,30.24
766,-242.02,30.24
766,-242.02,30.14
766,-242.02,30.03
766,-242.02,30.07
766,-242.02,30.20
766,-242.02,30.27
766,-242.02,30.27
766,-242.02,30.31
766,-242.02,30.31
766,-242.02,30.31
766,-242.02,30.24
766,-242.02,30.24
765,-242.02,30.20
766,-242.02,30.27
766,-242.02,30.27
766,-242.02,30.27
766,-242.02,30.20
766,-242.02,30.10
766,-242.02,30.00
766,-242.02,29.97
766,-242.02,29.93
766,-242.02,29.97
766,-242.02,30.03
766,-242.02,30.03
766,-242.02,30.03
766,-242.02,30.03
766,-242.02,30.03
766,-242.02,30.03
766,-242.02,30.03
766,-242.02,30.03
766,-242.02,30.07
766,-242.02,30.17
766,-242.02,30.20
766,-242.02,30.31
766,-242.02,30.31
766,-242.02,30.37
766,-242.02,30.41
766,-242.02,30.47
766,-242.02,30.54
766,-242.02,30.61
766,-242.02,30.64
766,-242.02,30.75
766,-242.02,30.78
766,-242.02,30.78
766,-242.02,30.85
766,-242.02,30.85
766,-242.02,30.88
766,-242.02,30.81
766,-242.02,30.61
766,-242.02,30.37
766,-242.02,30.24
766,-242.02,30.10
766,-242.02,30.00
766,-242.02,29.86
766,-242.02,29.73
766,-242.02,29.56
766,-242.02,29.53
766,-242.02,29.49
766,-242.02,29.39
766,-242.02,29.29
766,-242.02,29.12
766,-242.02,28.98
766,-242.02,28.85
766,-242.02,28.71
766,-242.02,28.78
766,-242.02,28.81
766,-242.02,28.78
766,-242.02,28.61
766,-242.02,28.58
703,-242.02,28.54
673,-242.02,28.51
683,-242.02,28.54
634,-242.02,28.61
766,-242.02,28.68
766,-242.02,28.65
766,-242.02,28.68
766,-242.02,28.78
766,-242.02,28.85
766,-242.02,28.95
766,-242.02,29.05
766,-242.02,29.12
766,-242.02,29.15
766,-242.02,29.26
766,-242.02,29.32
766,-242.02,29.42
766,-242.02,29.46
766,-242.02,29.56
766,-242.02,29.70
766,-242.02,29.80
766,-242.02,29.90
766,-242.02,29.97
766,-242.02,30.07
766,-242.02,30.10
766,-242.02,30.17
766,-242.02,30.20
766,-242.02,30.27
766,-242.02,30.31
766,-242.02,30.37
766,-242.02,30.41
766,-242.02,30.44
765,-242.02,30.44
766,-242.02,30.44
766,-242.02,30.37
766,-242.02,30.31
766,-242.02,30.27
766,-242.02,30.20
766,-242.02,30.14
766,-242.02,30.03
766,-242.02,29.93
766,-242.02,29.90
766,-242.02,29.97
766,-242.02,30.00
766,-242.02,30.07
766,-242.02,30.07
766,-242.02,30.07
766,-242.02,30.07
766,-242.02,30.07
766,-242.02,30.07
766,-242.02,30.10
767,-242.02,30.10
766,-242.02,30.10
766,-242.02,30.17
766,-242.02,30.24
766,-242.02,30.34
766,-242.02,30.44
766,-242.02,30.54
766,-242.02,30.64
767,-242.02,30.71
766,-242.02,30.81
766,-242.02,30.78
767,-242.02,30.75
767,-242.02,30.71
767,-242.02,30.71
767,-242.02,30.71
767,-242.02,30.75
767,-242.02,30.75
767,-242.02,30.71
766,-242.02,30.71
767,-242.02,30.64
766,-242.02,30.64
767,-242.02,30.64
767,-242.02,30.71
767,-242.02,30.71
766,-242.02,30.78
767,-242.02,30.78
767,-242.02,30.78
767,-242.02,30.81
767,-242.02,30.85
767,-242.02,30.85
767,-242.02,30.88
767,-242.02,30.78
767,-242.02,30.75
767,-242.02,30.75
767,-242.02,30.75
767,-242.02,30.71
767,-242.02,30.75
767,-242.02,30.81
767,-242.02,30.85
767,-242.02,30.85
767,-242.02,30.88
767,-242.02,30.95
767,-242.02,30.95
767,-242.02,31.02
767,-242.02,30.98
767,-242.02,31.02
767,-242.02,31.05
767,-242.02,31.08
767,-242.02,31.12
767,-242.02,31.08
767,-242.02,31.05
767,-242.02,31.08
767,-242.02,31.05
767,-242.02,31.02
767,-242.02,30.98
767,-242.02,30.98
767,-242.02,30.95
767,-242.02,30.91
767,-242.02,30.85
767,-242.02,30.81
767,-242.02,30.78
767,-242.02,30.85
767,-242.02,30.85
767,-242.02,30.88
767,-242.02,30.85
767,-242.02,30.81
767,-242.02,30.81
767,-242.02,30.68
767,-242.02,30.58
767,-242.02,30.47
767,-242.02,30.41
767,-242.02,30.31
767,-242.02,30.24
767,-242.02,30.20
767,-242.02,30.10
767,-242.02,30.07
767,-242.02,30.00
767,-242.02,29.97
767,-242.02,30.03
767,-242.02,30.10
767,-242.02,30.20
767,-242.02,30.27
767,-242.02,30.34
767,-242.02,30.41
767,-242.02,30.54
767,-242.02,30.54
767,-242.02,30.51
767,-242.02,30.54
767,-242.02,30.54
767,-242.02,30.64
767,-242.02,30.68
767,-242.02,30.75
767,-242.02,30.75
767,-242.02,30.78
767,-242.02,30.75
767,-242.02,30.75
767,-242.02,30.75
767,-242.02,30.75
767,-242.02,30.81
767,-242.02,30.88
767,-242.02,30.88
767,-242.02,30.85
767,-242.02,30.85
767,-242.02,30.85
767,-242.02,30.85
767,-242.02,30.78
767,-242.02,30.71
767,-242.02,30.71
767,-242.02,30.64
767,-242.02,30.64
767,-242.02,30.51
767,-242.02,30.54
767,-242.02,30.61
767,-242.02,30.68
767,-242.02,30.75
767,-242.02,30.78
767,-242.02,30.75
767,-242.02,30.61
767,-242.02,30.44
767,-242.02,30.34
767,-242.02,30.07
767,-242.02,29.93
767,-242.02,29.76
767,-242.02,29.63
767,-242.02,29.53
767,-242.02,29.63
767,-242.02,29.66
767,-242.02,29.70
767,-242.02,29.76
767,-242.02,29.83
767,-242.02,29.90
767,-242.02,29.90
767,-242.02,29.97
767,-242.02,30.03
767,-242.02,30.10
767,-242.02,30.14
767,-242.02,30.10
767,-242.02,30.03
767,-242.02,29.97
767,-242.02,29.93
767,-242.02,29.93
767,-242.02,29.93
767,-242.02,29.90
767,-242.02,29.86
767,-242.02,29.86
767,-242.02,29.83
767,-242.02,29.86
767,-242.02,29.86
767,-242.02,29.83
767,-242.02,29.80
767,-242.02,29.70
767,-242.02,29.63
767,-242.02,29.63
767,-242.02,29.63
767,-242.02,29.70
767,-242.02,29.83
767,-242.02,29.90
767,-242.02,29.90
767,-242.02,29.90
767,-242.02,29.80
767,-242.02,29.80
767,-242.02,29.66
767,-242.02,29.53
767,-242.02,29.42
767,-242.02,29.32
767,-242.02,29.15
767,-242.02,29.09
767,-242.02,29.09
767,-242.02,29.15
767,-242.02,29.19
767,-242.02,29.26
767,-242.02,29.32
767,-242.02,29.36
767,-242.02,29.29
767,-242.02,29.22
767,-242.02,29.26
767,-242.02,29.29
767,-242.02,29.32
767,-242.02,29.42
767,-242.02,29.49
767,-242.02,29.59
767,-242.02,29.70
767,-242.02,29.80
767,-242.02,29.83
767,-242.02,29.86
767,-242.02,29.90
767,-242.02,29.86
767,-242.02,29.86
767,-242.02,29.83
767,-242.02,29.86
767,-242.02,29.86
767,-242.02,29.86
767,-242.02,29.86
767,-242.02,29.86
767,-242.02,29.90
767,-242.02,29.97
767,-242.02,30.07
767,-242.02,30.10
767,-242.02,30.14
767,-242.02,30.17
767,-242.02,30.14
767,-242.02,30.10
767,-242.02,30.14
767,-242.02,30.27
767,-242.02,30.37
767,-242.02,30.37
767,-242.02,30.37
767,-242.02,30.37
767,-242.02,30.41
767,-242.02,30.44
767,-242.02,30.41
767,-242.02,30.34
767,-242.02,30.31
767,-242.02,30.31
767,-242.02,30.27
767,-242.02,30.34
767,-242.02,30.27
767,-242.02,30.37
767,-242.02,30.41
767,-242.02,30.47
767,-242.02,30.51
767,-242.02,30.47
767,-242.02,30.34
767,-242.02,30.10
767,-242.02,30.03
767,-242.02,30.03
767,-242.02,30.07
767,-242.02,30.03
767,-242.02,30.03
767,-242.02,30.03
767,-242.02,29.97
767,-242.02,29.93
767,-242.02,29.86
767,-242.02,29.93
767,-242.02,29.90
767,-242.02,29.90
767,-242.02,29.93
767,-242.02,30.00
767,-242.02,29.97
767,-242.02,29.97
767,-242.02,29.97
767,-242.02,29.97
767,-242.02,30.03
767,-242.02,30.00
767,-242.02,30.07
767,-242.02,30.07
767,-242.02,30.10
767,-242.02,30.00
767,-242.02,29.90
767,-242.02,29.83
767,-242.02,29.80
767,-242.02,29.80
767,-242.02,29.80
767,-242.02,29.86
767,-242.02,29.90
767,-242.02,29.97
767,-242.02,29.93
767,-242.02,29.86
767,-242.02,29.90
767,-242.02,29.93
767,-242.02,30.00
767,-242.02,30.00
767,-242.02,30.03
767,-242.02,30.07
767,-242.02,30.10
767,-242.02,30.20
767,-242.02,30.24
767,-242.02,30.17
767,-242.02,30.17
767,-242.02,30.10
767,-242.02,30.14
767,-242.02,30.14
767,-242.02,30.14
767,-242.02,30.20
767,-242.02,30.24
767,-242.02,30.27
767,-242.02,30.34
767,-242.02,30.34
767,-242.02,30.51
767,-242.02,30.58
767,-242.02,30.61
767,-242.02,30.68
767,-242.02,30.75
767,-242.02,30.81
767,-242.02,30.88
767,-242.02,30.91
767,-242.02,30.81
767,-242.02,30.78
767,-242.02,30.78
767,-242.02,30.75
767,-242.02,30.71
767,-242.02,30.64
767,-242.02,30.58
767,-242.02,30.54
767,-242.02,30.34
767,-242.02,30.37
767,-242.02,30.31
767,-242.02,30.14
767,-242.02,30.03
767,-242.02,30.00
767,-242.02,30.00
767,-242.02,30.03
767,-242.02,30.00
767,-242.02,30.10
767,-242.02,30.24
767,-242.02,30.31
767,-242.02,30.37
767,-242.02,30.41
767,-242.02,30.47
767,-242.02,30.54
767,-242.02,30.61
767,-242.02,30.68
767,-242.02,30.75
767,-242.02,30.81
767,-242.02,30.88
767,-242.02,30.91
767,-242.02,30.88
767,-242.02,30.85
767,-242.02,30.78
