761,28.98,32.00
761,28.98,32.03
761,28.98,32.07
761,29.32,32.10
761,28.98,32.14
761,28.98,32.20
762,29.32,32.24
760,29.32,32.20
760,29.32,32.24
761,29.32,32.24
761,28.98,32.20
761,28.98,32.17
761,29.32,32.14
762,29.32,32.10
761,29.32,32.07
760,29.32,32.07
760,29.32,32.03
761,29.32,32.03
761,29.32,32.00
761,29.32,32.00
761,29.32,32.00
761,29.32,32.00
762,29.32,32.07
761,29.32,32.07
760,29.32,32.10
761,29.32,32.14
761,29.32,32.17
761,29.32,32.20
761,29.32,32.24
761,29.32,32.30
760,29.32,32.27
761,29.32,32.34
761,29.32,32.34
761,29.66,32.37
761,29.32,32.34
761,29.32,32.37
760,29.32,32.37
761,29.32,32.41
761,29.32,32.41
762,29.32,32.41
761,28.98,32.41
761,28.98,32.37
762,28.98,32.37
762,28.98,32.37
762,28.98,32.37
761,28.98,32.41
760,28.98,32.44
760,28.98,32.47
761,29.32,32.51
761,29.32,32.51
761,29.32,32.51
761,29.66,32.54
761,29.66,32.54
762,29.32,32.54
762,29.32,32.54
762,29.32,32.54
760,28.98,32.58
761,29.32,32.58
761,28.98,32.54
762,29.32,32.54
762,28.98,32.51
762,28.98,32.47
761,28.98,32.44
760,28.98,32.41
761,28.98,32.37
762,29.32,32.34
762,28.98,32.34
762,29.32,32.37
762,29.32,32.37
762,29.32,32.41
762,29.32,32.41
762,29.32,32.44
762,29.32,32.47
761,29.32,32.51
762,29.32,32.54
762,29.32,32.54
760,29.32,32.58
761,29.32,32.54
762,29.32,32.61
762,29.32,32.61
760,29.32,32.64
760,29.32,32.68
762,29.32,32.71
762,28.98,32.75
762,28.98,32.75
760,28.98,32.75
762,28.98,32.75
761,28.65,32.75
762,28.65,32.75
761,28.65,32.78
762,28.65,32.78
761,28.65,32.81
760,28.98,32.81
761,28.98,32.88
761,28.65,32.88
761,28.65,32.88
762,28.98,32.85
760,28.98,32.81
761,28.65,32.81
761,28.98,32.75
761,28.98,32.71
761,28.65,32.68
760,28.98,32.68
760,28.65,32.64
761,28.65,32.61
761,28.98,32.61
761,28.65,32.68
761,28.65,32.71
760,28.65,32.75
760,28.65,32.78
761,28.65,32.88
761,28.65,32.88
761,28.65,32.91
761,28.65,32.98
760,28.31,32.98
761,28.31,33.05
761,28.65,33.12
761,28.31,33.15
762,28.31,33.19
761,28.65,33.22
761,28.65,33.25
760,28.65,33.32
760,28.65,33.36
761,28.65,33.39
761,28.31,33.36
761,28.31,33.39
760,28.65,33.46
761,28.65,33.39
761,28.65,33.32
762,28.65,33.25
760,28.31,33.19
760,28.31,33.15
761,28.31,33.08
762,28.31,33.05
761,28.65,33.02
761,28.31,32.95
761,28.31,32.91
762,28.31,32.88
760,28.65,32.91
761,28.31,32.88
761,28.31,32.85
761,28.31,32.88
761,28.31,32.88
761,28.31,32.91
762,28.31,32.95
761,28.31,32.95
760,28.31,32.98
761,28.31,32.98
761,28.31,32.95
761,27.97,32.95
761,27.97,32.91
761,27.97,32.88
761,27.97,32.88
760,27.97,32.88
761,28.31,32.88
761,28.31,32.85
761,28.65,32.88
762,28.65,32.88
761,28.65,32.91
762,28.31,32.95
762,28.31,32.91
762,28.31,32.95
762,28.65,32.95
761,28.65,32.98
760,28.31,32.98
761,28.31,32.98
761,28.31,32.95
762,28.65,32.98
761,28.65,32.98
762,28.65,33.02
761,28.65,32.98
761,28.65,32.95
761,28.65,32.95
761,28.65,32.95
762,28.65,32.91
762,28.65,32.95
760,28.65,32.95
760,28.65,32.98
761,28.65,33.02
761,28.65,33.05
761,28.65,33.08
762,28.31,33.08
761,28.31,33.12
761,28.65,33.05
761,28.31,33.05
761,28.31,33.02
762,28.31,32.98
761,28.31,33.02
761,28.65,32.98
761,28.65,32.98
761,28.65,32.98
762,28.65,33.02
761,28.65,32.98
760,28.65,33.02
761,28.98,32.98
761,28.98,32.98
761,28.98,33.02
761,28.65,32.98
761,28.98,32.98
761,28.65,33.02
761,28.98,33.05
761,28.65,33.05
762,28.65,33.05
761,28.65,33.05
760,28.65,33.05
761,28.65,33.02
761,28.65,33.02
761,28.98,33.02
761,28.98,33.02
761,28.98,33.02
761,28.98,33.02
761,28.98,33.02
761,29.32,33.02
761,28.98,33.02
761,29.32,33.02
761,29.32,33.02
761,29.32,32.98
761,29.32,32.95
760,29.32,32.91
761,29.32,32.95
762,29.32,32.95
762,29.32,32.91
761,29.32,32.95
761,29.32,32.95
761,29.32,32.95
761,29.32,32.95
762,29.32,32.95
761,29.32,32.91
761,29.32,32.98
761,29.32,32.91
761,29.66,32.95
762,29.32,32.95
756,29.32,32.95
756,29.32,32.91
756,29.32,32.91
761,29.32,32.91
755,29.32,32.91
755,29.32,32.91
761,29.32,32.88
753,29.32,32.88
757,29.66,32.91
756,29.66,32.88
756,29.66,32.88
761,29.66,32.91
762,29.66,32.91
760,29.66,32.95
761,29.66,32.91
761,29.32,32.91
756,29.66,32.91
761,29.66,32.91
761,29.66,32.91
760,29.66,32.91
761,29.66,32.91
761,29.66,32.95
761,29.66,32.98
762,29.66,33.02
761,29.32,33.05
761,29.66,33.08
761,29.66,33.08
761,29.66,33.08
761,29.66,33.05
760,29.66,33.02
760,29.66,33.02
761,29.66,33.02
761,29.66,33.02
756,29.66,32.98
762,29.66,33.02
760,29.66,32.98
761,29.66,32.98
761,29.66,32.98
761,29.66,32.98
760,29.66,33.02
761,29.66,33.02
761,29.66,33.05
760,29.66,33.05
761,29.32,33.05
761,29.66,33.02
761,29.66,33.05
761,29.66,33.05
761,29.66,33.08
761,29.66,33.05
762,29.66,33.08
760,29.66,33.08
760,29.66,33.12
761,29.66,33.12
761,29.66,33.12
761,29.66,33.12
761,29.66,33.12
761,29.32,33.12
761,29.32,33.12
761,29.32,33.12
761,29.32,33.12
760,29.32,33.08
760,29.32,33.08
761,29.32,33.05
761,29.32,33.05
762,29.32,33.02
762,29.66,33.02
761,29.66,33.02
761,29.32,33.02
761,29.32,32.98
761,29.32,32.95
761,29.32,32.95
761,29.66,32.95
761,29.32,32.95
761,29.66,32.91
761,29.66,32.88
761,29.66,32.88
761,29.66,32.85
761,29.66,32.78
761,29.66,32.78
761,29.66,32.75
761,29.32,32.71
761,29.66,32.68
761,29.66,32.64
762,29.32,32.58
761,29.32,32.58
761,29.32,32.54
761,29.66,32.51
761,29.66,32.47
761,29.66,32.41
762,29.66,32.41
761,29.66,32.37
761,29.32,32.34
761,29.32,32.34
761,29.32,32.30
761,29.32,32.27
761,29.32,32.27
761,29.32,32.20
761,29.32,32.20
761,29.32,32.24
761,29.32,32.20
761,29.66,32.20
761,29.32,32.24
761,29.66,32.20
761,29.66,32.20
761,29.66,32.27
761,29.32,32.27
761,29.32,32.24
761,29.32,32.27
760,29.32,32.27
761,29.66,32.34
761,29.32,32.34
761,29.66,32.37
761,29.32,32.41
761,29.32,32.44
761,28.98,32.41
761,29.32,32.44
761,29.32,32.37
761,29.32,32.37
761,29.32,32.37
761,29.32,32.41
761,29.32,32.34
760,29.32,32.37
761,29.32,32.30
761,29.32,32.30
761,29.32,32.30
762,28.98,32.34
761,29.32,32.37
761,28.98,32.37
761,29.32,32.34
761,28.98,32.34
761,29.32,32.27
762,29.32,32.30
761,29.32,32.30
761,29.32,32.27
761,29.32,32.24
762,28.98,32.24
761,29.32,32.17
760,29.32,32.17
761,29.32,32.14
761,29.32,32.14
761,29.32,32.10
760,29.32,32.07
760,28.98,32.07
761,28.98,32.10
761,28.98,32.14
761,28.98,32.14
760,28.65,32.14
761,28.98,32.14
761,28.65,32.14
761,28.65,32.10
761,28.65,32.07
760,28.65,32.03
761,28.65,32.03
761,28.65,32.00
761,28.65,31.97
761,28.65,31.93
761,28.65,31.93
761,28.65,31.86
760,28.65,31.90
761,28.65,31.86
760,28.65,31.90
760,28.65,31.86
760,28.98,31.86
761,28.98,31.86
761,28.98,31.83
761,28.98,31.86
761,28.98,31.86
760,28.98,31.86
761,28.98,31.86
761,28.98,31.90
761,28.65,31.93
761,28.65,31.93
760,28.65,31.93
761,28.65,31.97
761,28.98,31.97
761,28.98,31.97
761,28.98,32.00
761,28.98,32.00
761,28.98,32.03
761,28.98,32.07
761,28.98,32.07
760,28.98,32.07
760,28.98,32.10
761,28.65,32.10
761,28.65,32.10
761,28.98,32.17
760,28.98,32.17
761,28.98,32.17
761,28.98,32.17
760,28.98,32.20
761,28.98,32.24
761,28.65,32.27
760,28.65,32.30
761,28.65,32.34
761,28.65,32.30
761,28.65,32.34
761,28.65,32.34
761,28.65,32.30
761,28.65,32.27
761,28.31,32.20
761,28.31,32.14
761,28.65,32.10
761,28.65,32.10
760,28.65,32.07
760,28.65,32.07
760,28.65,32.07
761,28.31,32.07
761,28.65,32.07
761,28.65,32.07
761,28.65,32.07
761,28.65,32.10
761,28.65,32.10
761,28.65,32.14
761,28.31,32.17
761,28.31,32.20
761,28.31,32.24
761,28.31,32.30
761,28.31,32.34
761,28.65,32.34
761,28.31,32.37
761,28.31,32.37
761,28.31,32.34
760,28.31,32.34
761,28.31,32.34
761,28.31,32.30
760,28.31,32.30
760,28.65,32.30
761,28.65,32.30
761,28.65,32.27
761,28.65,32.27
761,28.65,32.24
761,28.65,32.27
761,28.65,32.27
761,28.65,32.27
761,28.65,32.30
760,28.65,32.34
760,28.65,32.37
761,28.65,32.41
761,28.65,32.44
761,28.65,32.44
761,28.65,32.44
761,28.65,32.51
761,28.65,32.51
761,28.65,32.47
761,28.65,32.47
760,28.65,32.51
760,28.65,32.51
761,28.65,32.54
761,28.65,32.54
761,28.65,32.58
761,28.65,32.61
760,28.65,32.64
761,28.65,32.68
761,28.31,32.68
761,28.65,32.75
761,28.65,32.75
761,28.31,32.78
761,28.31,32.78
761,28.65,32.78
761,28.31,32.75
761,28.31,32.75
761,28.31,32.71
761,28.31,32.71
762,28.31,32.68
760,28.31,32.61
761,28.65,32.58
761,28.31,32.58
761,28.31,32.58
761,28.31,32.58
761,28.65,32.54
760,28.31,32.54
761,28.31,32.58
761,28.31,32.64
761,28.65,32.68
761,28.65,32.71
761,28.31,32.75
761,28.31,32.75
761,28.31,32.78
761,28.31,32.81
762,28.31,32.85
761,28.31,32.88
761,28.65,32.91
761,28.31,32.95
761,28.31,32.95
761,28.31,32.95
761,28.31,32.95
761,28.31,32.91
761,28.31,32.91
761,28.31,32.91
761,28.31,32.91
762,28.31,32.91
761,28.31,32.91
761,28.31,32.91
761,28.31,32.91
762,28.31,32.91
762,28.65,32.88
761,28.65,32.85
760,28.31,32.81
761,28.65,32.78
761,28.65,32.75
761,28.65,32.71
761,28.65,32.64
761,28.65,32.64
761,28.65,32.61
761,28.98,32.61
761,28.65,32.61
761,28.65,32.61
761,28.65,32.64
761,28.98,32.68
761,28.98,32.68
760,28.65,32.64
761,28.65,32.64
761,28.65,32.68
760,28.31,32.68
761,28.31,32.64
761,28.31,32.64
761,28.31,32.68
762,27.97,32.68
761,28.31,32.71
761,28.31,32.78
761,27.97,32.78
761,27.97,32.81
761,28.31,32.78
761,28.31,32.78
760,27.97,32.78
761,27.97,32.75
761,27.97,32.75
762,27.97,32.78
761,27.63,32.75
761,27.63,32.75
761,27.97,32.71
761,27.97,32.75
760,27.97,32.68
761,27.97,32.68
761,28.31,32.68
761,27.97,32.68
761,27.97,32.71
760,27.97,32.71
760,27.97,32.64
761,27.97,32.64
761,27.97,32.64
761,27.63,32.64
761,27.97,32.64
762,27.97,32.64
760,27.97,32.61
761,27.97,32.64
761,27.97,32.61
761,28.31,32.64
761,28.31,32.64
761,28.31,32.68
761,28.65,32.68
761,28.65,32.71
761,28.65,32.75
761,28.31,32.75
760,28.31,32.75
760,28.31,32.78
761,28.65,32.78
761,28.31,32.81
761,28.31,32.78
761,28.31,32.81
761,28.31,32.78
761,28.31,32.78
762,28.31,32.81
762,27.97,32.81
760,28.31,32.81
760,28.31,32.85
760,28.65,32.88
761,28.31,32.88
761,28.31,32.88
761,28.65,32.88
761,28.65,32.88
760,28.65,32.85
761,28.65,32.85
761,28.65,32.85
761,28.65,32.81
761,28.98,32.81
761,28.65,32.78
761,28.98,32.75
761,28.98,32.78
761,28.98,32.75
762,28.98,32.75
761,28.98,32.78
761,28.98,32.78
761,28.98,32.75
761,28.98,32.75
761,28.98,32.75
761,28.98,32.75
761,28.98,32.75
761,28.98,32.78
761,28.98,32.75
762,29.32,32.75
761,29.32,32.75
760,29.32,32.75
760,29.32,32.71
761,29.32,32.71
761,29.32,32.71
761,29.32,32.71
761,29.32,32.71
761,29.32,32.68
760,29.32,32.68
761,29.32,32.68
762,29.32,32.68
760,29.66,32.71
760,29.66,32.68
762,29.66,32.68
762,29.66,32.68
762,29.66,32.68
762,29.66,32.68
762,29.32,32.68
762,29.32,32.64
762,29.32,32.61
762,29.66,32.61
762,29.66,32.64
762,29.66,32.61
762,29.66,32.64
762,29.32,32.64
762,29.66,32.64
762,29.32,32.68
762,29.32,32.68
762,29.66,32.71
762,29.66,32.71
762,29.66,32.75
762,29.32,32.68
762,29.66,32.71
762,29.66,32.71
762,29.66,32.71
762,29.66,32.71
762,29.66,32.71
762,29.32,32.68
762,29.66,32.71
762,29.32,32.68
762,29.32,32.68
762,29.66,32.71
762,29.66,32.68
762,29.32,32.68
762,29.32,32.68
762,29.32,32.68
762,29.32,32.71
762,29.32,32.68
762,29.32,32.71
762,29.32,32.71
762,29.32,32.71
762,28.98,32.71
762,28.98,32.71
762,29.32,32.75
762,29.32,32.71
762,29.32,32.75
762,29.32,32.71
762,29.32,32.75
762,29.32,32.71
762,29.32,32.71
762,29.32,32.68
762,29.32,32.64
762,29.32,32.64
762,29.32,32.54
762,29.32,32.51
762,29.32,32.51
762,29.32,32.44
762,29.32,32.41
762,29.32,32.41
762,29.32,32.37
762,29.32,32.37
762,29.32,32.37
762,29.32,32.37
762,29.66,32.41
762,29.66,32.41
762,29.32,32.44
762,29.32,32.44
762,29.32,32.44
762,29.32,32.47
762,29.32,32.47
762,29.32,32.47
762,29.32,32.44
762,29.32,32.47
762,29.32,32.44
762,29.32,32.47
762,29.32,32.47
762,29.66,32.51
762,29.32,32.47
762,29.66,32.47
762,29.66,32.51
762,29.66,32.51
762,29.66,32.51
762,29.66,32.54
762,29.66,32.51
762,29.66,32.54
762,29.66,32.54
762,30.00,32.54
762,29.66,32.54
762,30.00,32.58
762,30.00,32.58
762,30.00,32.58
762,30.00,32.61
762,30.00,32.58
762,29.66,32.61
762,29.66,32.61
762,29.66,32.61
762,29.66,32.61
762,29.66,32.64
762,29.66,32.64
762,29.66,32.68
762,29.66,32.71
762,29.66,32.71
762,29.66,32.75
762,30.00,32.75
762,29.66,32.75
762,29.66,32.75
762,30.00,32.75
762,30.00,32.75
762,30.00,32.75
762,30.00,32.78
762,30.00,32.78
762,30.00,32.78
762,30.00,32.75
762,29.66,32.75
762,29.66,32.75
762,29.66,32.75
762,30.00,32.78
762,29.66,32.75
762,30.00,32.78
762,30.00,32.78
762,29.66,32.78
762,30.00,32.78
762,29.66,32.75
762,30.00,32.78
762,29.66,32.78
762,29.66,32.78
762,29.66,32.75
762,29.66,32.71
762,29.66,32.68
762,29.66,32.68
762,29.66,32.64
762,29.66,32.64
762,29.66,32.64
762,29.66,32.64
762,29.66,32.61
762,29.66,32.58
762,29.32,32.61
762,29.32,32.54
762,29.32,32.54
762,29.32,32.54
762,29.32,32.47
762,28.98,32.47
762,28.98,32.47
762,28.98,32.44
762,28.98,32.41
762,28.98,32.47
762,28.65,32.44
762,28.65,32.44
762,28.65,32.44
762,28.65,32.44
762,28.65,32.44
762,28.65,32.47
762,28.65,32.47
762,28.98,32.54
762,28.98,32.51
762,28.98,32.54
762,28.65,32.51
762,28.98,32.58
762,28.98,32.61
762,28.65,32.61
762,28.65,32.61
762,28.65,32.61
762,28.65,32.61
762,28.65,32.61
762,28.65,32.58
762,28.65,32.54
762,28.65,32.54
762,28.65,32.54
762,28.65,32.54
762,28.65,32.58
762,28.65,32.61
762,28.65,32.61
762,28.65,32.68
762,28.65,32.68
762,28.65,32.68
762,28.65,32.68
762,28.98,32.64
762,28.65,32.64
762,28.65,32.64
762,28.98,32.61
762,28.98,32.61
762,28.98,32.61
762,29.32,32.58
762,29.32,32.58
762,29.32,32.58
762,29.32,32.58
762,29.32,32.58
762,29.32,32.58
762,29.32,32.61
762,29.32,32.58
762,28.98,32.61
762,28.98,32.61
762,28.98,32.58
762,28.98,32.61
762,28.98,32.61
762,28.98,32.61
762,28.98,32.64
762,29.32,32.61
762,28.98,32.64
762,28.98,32.61
762,28.98,32.61
762,28.98,32.64
762,28.98,32.68
762,28.98,32.68
762,28.98,32.64
762,28.98,32.64
762,28.98,32.64
762,28.65,32.64
762,28.65,32.68
762,28.98,32.68
762,28.65,32.71
762,28.98,32.78
762,28.65,32.75
762,28.65,32.75
762,28.65,32.78
762,28.65,32.78
762,28.31,32.78
762,28.65,32.78
762,28.31,32.81
762,28.65,32.81
762,28.31,32.85
762,28.31,32.85
762,28.31,32.81
762,27.97,32.81
762,27.97,32.81
762,27.97,32.78
762,27.63,32.78
762,27.63,32.75
762,27.63,32.75
762,27.97,32.71
762,27.97,32.68
762,27.97,32.64
762,27.97,32.61
762,27.97,32.61
762,27.97,32.58
762,27.97,32.54
762,27.97,32.58
762,27.97,32.61
762,28.31,32.61
762,27.97,32.64
762,28.31,32.61
762,28.31,32.68
762,28.31,32.64
762,27.97,32.68
762,27.97,32.68
762,27.97,32.68
762,28.31,32.68
762,28.31,32.68
762,28.31,32.64
762,28.31,32.61
762,28.65,32.61
762,28.31,32.58
762,28.65,32.58
762,28.65,32.54
762,28.65,32.51
762,28.65,32.51
762,28.31,32.54
762,28.31,32.51
762,28.31,32.51
762,28.31,32.51
762,28.31,32.54
762,28.65,32.51
762,28.31,32.51
762,28.31,32.51
762,28.31,32.51
762,28.65,32.47
762,28.65,32.47
762,28.65,32.44
762,28.31,32.37
762,28.65,32.30
762,28.65,32.34
762,28.31,32.30
762,28.31,32.30
762,28.65,32.27
762,28.31,32.27
762,28.31,32.27
762,28.31,32.27
762,28.31,32.27
762,28.65,32.27
762,28.65,32.27
762,28.65,32.24
762,28.98,32.24
762,28.65,32.20
762,28.98,32.20
762,28.98,32.17
762,28.98,32.14
762,28.98,32.10
762,28.98,32.07
762,28.98,32.00
762,28.98,31.97
762,28.98,31.93
762,29.32,31.90
762,28.98,31.83
763,28.98,31.83
762,32.37,31.76
762,35.09,31.73
762,34.41,31.69
762,33.39,31.66
763,32.71,31.66
762,31.69,31.63
762,31.02,31.63
762,30.68,31.59
762,30.34,31.59
763,30.00,31.63
763,29.66,31.59
763,29.66,31.63
763,29.66,31.66
763,29.66,31.63
762,31.36,31.66
763,32.03,31.63
763,32.03,31.59
763,32.71,31.59
763,32.37,31.63
763,32.71,31.59
762,-242.02,31.59
763,-171.18,31.59
762,33.39,31.56
762,33.05,31.52
762,33.39,31.56
762,33.39,31.52
763,33.73,31.56
762,33.73,31.56
763,33.73,31.56
762,33.73,31.52
762,33.73,31.52
762,33.73,31.52
762,33.73,31.52
762,33.73,31.52
762,28.31,31.52
762,33.73,31.59
762,33.73,31.59
763,33.73,31.59
762,33.73,31.59
762,33.73,31.59
762,33.39,31.59
762,33.39,31.59
762,33.39,31.56
762,33.39,31.59
762,33.73,31.56
762,33.39,31.49
762,33.39,31.49
762,33.39,31.46
762,33.39,31.42
762,33.39,31.42
762,33.39,31.42
762,33.39,31.42
760,33.39,31.39
760,33.39,31.39
760,33.39,31.39
760,33.39,31.39
760,33.39,31.46
760,33.39,31.49
760,33.39,31.52
760,33.39,31.56
760,33.39,31.59
760,33.39,31.63
760,33.39,31.59
760,33.39,31.66
760,33.39,31.69
760,33.39,31.69
760,33.39,31.69
760,33.39,31.69
760,33.39,31.73
760,33.39,31.73
760,33.39,31.76
760,33.39,31.76
760,33.39,31.80
760,33.39,31.83
760,33.39,31.83
760,33.39,31.86
760,33.39,31.86
760,33.39,31.90
760,33.39,31.93
760,33.39,31.93
760,33.39,31.90
760,33.39,31.90
760,33.39,31.86
760,33.39,31.86
760,33.39,31.90
760,33.39,31.86
760,33.39,31.86
760,33.39,31.90
760,33.39,31.90
760,33.39,31.93
760,33.39,31.90
760,33.39,31.93
760,33.39,31.93
760,33.39,31.90
760,33.39,31.90
760,33.39,31.90
760,33.39,31.90
760,33.39,31.93
760,33.39,31.90
760,33.39,31.90
760,33.39,31.93
760,33.39,31.93
760,33.39,31.93
760,33.39,31.97
760,33.39,31.97
760,33.39,31.93
760,33.39,31.93
760,33.39,32.00
760,33.39,32.03
760,33.39,31.97
760,33.39,32.03
760,33.39,32.03
760,33.39,32.07
760,33.39,32.07
760,33.39,32.10
760,33.39,32.10
760,33.39,32.14
760,33.39,32.14
760,33.39,32.14
760,33.39,32.17
760,33.39,32.17
760,33.39,32.17
760,33.39,32.17
760,33.39,32.17
760,33.39,32.17
760,33.39,32.17
760,33.39,32.14
760,33.39,32.14
760,33.39,32.14
760,33.39,32.14
760,33.39,32.17
760,33.39,32.14
760,33.39,32.17
760,33.39,32.14
760,33.39,32.14
760,33.39,32.14
760,33.39,32.14
760,33.39,32.14
760,33.39,32.14
760,33.39,32.10
760,33.39,32.10
760,33.39,32.10
760,33.39,32.07
760,33.39,32.03
760,33.39,32.00
760,33.39,31.93
760,33.39,31.93
760,33.39,31.86
760,33.39,31.83
760,33.39,31.80
760,33.39,31.76
760,33.39,31.80
760,33.39,31.83
760,33.39,31.83
760,33.39,31.83
760,33.39,31.90
760,33.39,31.90
760,33.39,31.90
760,33.39,31.86
760,33.39,31.93
760,33.39,31.93
760,33.39,31.90
760,33.39,31.93
760,33.39,31.93
760,33.39,31.97
760,33.39,31.97
760,33.39,31.97
760,33.39,31.97
760,33.39,32.00
760,33.39,32.00
760,33.39,32.00
760,33.39,32.03
760,33.39,32.03
760,33.39,32.03
760,33.39,32.03
760,33.39,32.00
760,33.39,32.07
760,33.39,32.03
760,33.39,32.07
760,33.39,32.03
760,33.39,32.07
760,33.39,32.10
760,33.39,32.10
760,33.39,32.10
760,33.39,32.14
760,33.39,32.10
760,33.39,32.14
760,33.39,32.10
760,33.39,32.10
760,33.39,32.07
760,33.39,32.07
760,33.39,32.07
760,33.39,32.07
760,33.39,32.10
760,33.39,32.10
760,33.39,32.14
760,33.39,32.14
760,33.39,32.17
760,33.39,32.17
760,33.39,32.17
760,33.39,32.17
760,33.39,32.17
760,33.39,32.17
760,33.39,32.14
760,33.39,32.14
760,33.39,32.17
760,33.39,32.14
760,33.39,32.10
760,33.39,32.10
760,33.39,32.10
760,33.39,32.07
760,33.39,32.10
760,33.39,32.10
760,33.39,32.07
760,33.39,32.07
760,33.39,32.10
760,33.39,32.07
760,33.39,32.03
760,33.39,32.07
760,33.39,32.07
760,33.39,32.03
760,33.39,32.03
760,33.39,32.03
760,33.39,32.00
760,33.39,32.03
760,33.39,32.00
760,33.39,32.00
760,33.39,32.03
760,33.39,32.07
760,33.39,32.07
760,33.39,32.14
760,33.39,32.17
760,33.39,32.20
760,33.39,32.20
760,33.39,32.24
760,33.39,32.24
760,33.39,32.24
760,33.39,32.24
760,33.39,32.24
760,33.39,32.20
760,33.39,32.20
760,33.39,32.20
760,33.39,32.20
760,33.39,32.20
760,33.39,32.24
760,33.39,32.24
760,33.39,32.24
760,33.39,32.24
760,33.39,32.24
760,33.39,32.24
760,33.39,32.24
760,33.39,32.24
760,33.39,32.24
760,33.39,32.24
760,33.39,32.24
760,33.39,32.20
760,33.39,32.17
760,33.39,32.14
760,33.39,32.14
760,33.39,32.07
760,33.39,32.03
760,33.39,32.00
760,33.39,31.97
760,33.39,31.90
760,33.39,31.86
760,33.39,31.83
760,33.39,31.80
760,33.39,31.76
760,33.39,31.73
760,33.39,31.73
760,33.39,31.73
760,33.39,31.69
760,33.39,31.73
760,33.39,31.76
760,33.39,31.73
760,33.39,31.76
760,33.39,31.76
760,33.39,31.76
760,33.39,31.76
760,33.39,31.80
760,33.39,31.83
760,33.39,31.83
760,33.39,31.86
760,33.39,31.83
760,33.39,31.83
760,33.39,31.83
760,33.39,31.83
760,33.39,31.83
760,33.39,31.83
760,33.39,31.83
760,33.39,31.83
760,33.39,31.80
760,33.39,31.80
760,33.39,31.80
760,33.39,31.80
760,33.39,31.83
760,33.39,31.80
760,33.39,31.80
760,33.39,31.80
760,33.39,31.80
760,33.39,31.76
760,33.39,31.73
760,33.39,31.69
760,33.39,31.63
760,33.39,31.59
760,33.39,31.56
760,33.39,31.49
760,33.39,31.46
760,33.39,31.42
760,33.39,31.39
760,33.39,31.39
760,33.39,31.39
760,33.39,31.42
760,33.39,31.42
760,33.39,31.42
760,33.39,31.42
760,33.39,31.42
760,33.39,31.46
760,33.39,31.42
760,33.39,31.42
760,33.39,31.42
760,33.39,31.42
760,33.39,31.39
760,33.39,31.42
760,33.39,31.39
760,33.39,31.39
760,33.39,31.36
760,33.39,31.36
760,33.39,31.36
760,33.39,31.36
760,33.39,31.36
760,33.39,31.32
760,33.39,31.36
760,33.39,31.32
760,33.39,31.29
760,33.39,31.32
760,33.39,31.32
760,33.39,31.32
760,33.39,31.29
760,33.39,31.29
760,33.39,31.29
760,33.39,31.25
760,33.39,31.25
760,33.39,31.25
760,33.39,31.25
760,33.39,31.22
760,33.39,31.22
760,33.39,31.25
760,33.39,31.25
760,33.39,31.29
760,33.39,31.22
760,33.39,31.22
760,33.39,31.22
760,33.39,31.19
760,33.39,31.15
760,33.39,31.15
760,33.39,31.15
760,33.39,31.12
760,33.39,31.12
760,33.39,31.12
760,33.39,31.12
760,33.39,31.05
760,33.39,31.02
760,33.39,30.98
760,33.39,30.95
760,33.39,30.91
760,33.39,30.88
760,33.39,30.81
760,33.39,30.78
760,33.39,30.75
760,33.39,30.71
760,33.39,30.68
760,33.39,30.61
760,33.39,30.61
760,33.39,30.58
760,33.39,30.58
760,33.39,30.54
760,33.39,30.54
760,33.39,30.54
760,33.39,30.54
760,33.39,30.54
760,33.39,30.54
760,33.39,30.58
760,33.39,30.58
760,33.39,30.61
760,33.39,30.64
760,33.39,30.68
760,33.39,30.71
760,33.39,30.75
760,33.39,30.75
760,33.39,30.75
760,33.39,30.78
760,33.39,30.75
760,33.39,30.78
760,33.39,30.75
760,33.39,30.75
760,33.39,30.75
760,33.39,30.75
760,33.39,30.71
760,33.39,30.71
760,33.39,30.71
760,33.39,30.68
760,33.39,30.68
760,33.39,30.64
760,33.39,30.61
760,33.39,30.64
760,33.39,30.61
760,33.39,30.54
760,33.39,30.54
760,33.39,30.54
760,33.39,30.54
760,33.39,30.47
760,33.39,30.51
760,33.39,30.47
760,33.39,30.51
758,33.39,30.47
758,33.39,30.47
757,33.39,30.44
757,33.39,30.47
757,33.39,30.47
757,33.39,30.44
757,33.39,30.47
757,33.39,30.44
758,33.39,30.47
758,33.39,30.47
759,33.39,30.44
757,33.39,30.44
758,33.39,30.41
759,33.39,30.41
759,33.39,30.41
759,33.39,30.37
759,33.39,30.37
759,33.39,30.37
759,33.39,30.34
759,33.39,30.34
759,33.39,30.34
758,33.39,30.34
759,33.39,30.34
759,33.39,30.34
759,33.39,30.31
758,33.39,30.31
759,33.39,30.34
759,33.39,30.31
758,33.39,30.31
758,33.39,30.27
757,33.39,30.31
758,33.39,30.31
758,33.39,30.27
758,33.39,30.27
757,33.39,30.24
758,33.39,30.24
761,-239.98,30.27
760,-240.27,30.24
758,-240.27,30.24
758,-240.27,30.24
758,-240.27,30.24
758,-240.27,30.24
758,-240.27,30.24
758,-240.27,30.24
759,-240.27,30.20
758,-240.27,30.20
759,-240.27,30.20
758,-240.27,30.20
757,-240.27,30.20
758,-240.27,30.20
757,-240.27,30.17
758,-240.27,30.17
758,-240.27,30.17
759,-240.27,30.17
758,-240.27,30.17
758,-240.27,30.17
758,-240.27,30.17
758,-240.27,30.17
758,-240.27,30.20
758,-240.27,30.20
758,-240.27,30.20
757,-240.27,30.20
759,-240.27,30.20
758,-240.27,30.20
759,-240.27,30.17
758,-240.27,30.20
759,-240.27,30.20
759,-240.27,30.20
759,-240.27,30.20
759,-240.27,30.17
759,-240.27,30.20
757,-240.27,30.17
758,-240.27,30.14
759,-240.27,30.17
759,-240.27,30.17
759,-240.27,30.17
759,-240.27,30.17
758,-240.27,30.20
758,-240.27,30.20
758,-240.27,30.20
759,-240.27,30.17
759,-240.27,30.20
758,-240.27,30.20
758,-240.27,30.20
760,-240.27,30.17
759,-240.27,30.17
760,-240.27,30.20
762,-240.27,30.24
762,-240.27,30.24
762,-240.27,30.24
762,41.20,30.31
762,39.50,30.31
762,37.80,30.27
762,36.44,30.31
762,35.42,30.31
762,33.73,30.31
762,33.39,30.31
762,32.71,30.27
762,32.71,30.24
762,32.71,30.20
762,32.71,30.14
762,31.02,30.14
762,31.02,30.10
762,31.02,30.03
762,31.02,30.03
762,31.02,30.00
762,31.02,30.00
762,31.02,30.00
762,31.02,30.00
762,31.69,30.00
762,34.41,30.00
762,31.36,30.07
762,31.36,30.07
762,31.36,30.07
762,31.36,30.03
762,31.36,30.03
762,31.36,30.10
762,32.03,30.10
762,32.03,30.10
762,32.03,30.10
762,31.02,30.14
762,31.36,30.10
762,31.36,30.10
762,31.36,30.10
762,31.36,30.07
762,31.36,30.10
762,31.36,30.10
762,31.36,30.10
762,31.36,30.10
762,31.36,30.10
762,31.36,30.07
762,31.36,30.07
761,31.36,30.07
760,31.36,30.07
760,31.36,30.07
759,31.36,30.03
759,31.36,30.03
759,31.36,30.03
759,31.36,30.03
759,31.36,30.03
760,31.36,30.03
761,31.36,30.00
761,31.36,30.00
761,31.36,30.00
761,31.36,30.00
760,31.36,30.00
761,31.36,29.97
760,31.36,30.00
