767,214090160.00,30.10
767,214090160.00,30.14
767,214090160.00,30.14
767,214090160.00,30.17
767,214090160.00,30.20
765,214090160.00,30.17
766,214090160.00,30.17
767,214090160.00,30.17
767,214090160.00,30.24
767,214090160.00,30.31
767,214090160.00,30.37
766,214090160.00,30.41
766,214090160.00,30.37
767,214090160.00,30.41
767,214090160.00,30.34
767,214090160.00,30.34
767,214090160.00,30.34
767,214090160.00,30.31
767,214090160.00,30.27
766,214090160.00,30.20
767,214090160.00,30.14
767,214090160.00,30.07
767,214090160.00,30.00
766,214090160.00,30.00
767,214090160.00,30.00
767,214090160.00,30.03
767,214090160.00,30.07
767,214090160.00,30.10
765,214090160.00,30.10
767,-242.02,30.07
767,-242.02,30.10
767,-242.02,30.10
767,-242.02,30.20
766,-242.02,30.24
767,-242.02,30.20
766,-242.02,30.24
767,-242.02,30.27
767,-242.02,30.24
767,-242.02,30.24
767,-242.02,30.17
767,-242.02,30.10
767,-242.02,30.10
767,-242.02,30.10
767,-242.02,30.07
767,-242.02,30.03
767,-242.02,29.97
767,-242.02,29.97
767,-242.02,30.00
767,-242.02,30.00
767,-242.02,30.03
767,-242.02,30.00
767,-242.02,30.14
767,-242.02,30.20
767,-242.02,30.20
767,-242.02,30.20
767,-242.02,30.24
767,-242.02,30.27
767,-242.02,30.34
766,-242.02,30.41
766,-242.02,30.44
767,-242.02,30.44
767,-242.02,30.37
767,-242.02,30.34
767,-242.02,30.34
767,-242.02,30.10
767,-242.02,30.27
767,-242.02,30.54
766,-242.02,30.75
766,-242.02,30.91
767,-242.02,31.02
767,-242.02,31.19
767,-242.02,31.36
767,-242.02,31.49
767,-242.02,31.63
767,-242.02,31.80
767,-242.02,31.93
767,-242.02,32.00
767,-242.02,32.10
767,-242.02,32.17
767,-242.02,32.27
767,-242.02,32.37
767,-242.02,32.44
766,-242.02,32.41
767,-242.02,32.41
767,-242.02,32.41
767,-242.02,32.41
767,-242.02,32.44
766,-242.02,32.47
766,-242.02,32.51
767,-242.02,32.54
767,-242.02,32.58
767,-242.02,32.58
767,-242.02,32.51
