773,30.68,988.79
774,30.34,-242.02
773,31.02,-242.02
774,30.68,-242.02
773,30.68,-242.02
773,30.68,-242.02
773,30.34,-242.02
773,30.68,-242.02
773,30.34,-242.02
773,30.34,-242.02
773,30.68,-242.02
773,30.34,-242.02
773,30.34,-242.02
773,30.34,-242.02
773,30.00,-242.02
773,30.34,-242.02
773,30.34,-242.02
773,30.00,-242.02
773,30.00,-242.02
773,30.00,-242.02
773,29.66,-242.02
773,30.00,-242.02
773,29.66,-242.02
773,29.66,-242.02
773,29.66,-242.02
773,29.66,-242.02
773,29.66,-242.02
773,29.32,-242.02
774,29.32,-242.02
773,29.32,-242.02
773,29.32,-242.02
773,29.66,-242.02
773,29.66,-242.02
773,28.98,-242.02
773,29.32,-242.02
773,29.32,-242.02
773,29.32,-242.02
773,29.32,-242.02
773,29.32,-242.02
773,29.32,-242.02
774,29.32,-242.02
773,29.32,-242.02
773,29.32,-242.02
773,28.98,-242.02
773,29.32,-242.02
773,29.32,-242.02
773,29.32,-242.02
773,29.66,-242.02
773,29.66,-242.02
773,29.32,-242.02
773,29.66,-242.02
773,29.66,-242.02
773,29.66,-242.02
773,29.66,-242.02
773,29.32,-242.02
773,29.66,-242.02
773,29.66,-242.02
773,29.66,-242.02
773,29.66,-242.02
773,30.00,-242.02
772,30.00,-242.02
773,29.66,-242.02
773,30.00,-242.02
773,30.00,-242.02
774,30.00,-242.02
773,29.66,-242.02
774,29.66,-242.02
773,30.34,988.79
774,30.00,-242.02
773,30.00,-242.02
774,30.00,-242.02
773,30.34,-242.02
774,30.00,-242.02
773,30.00,-242.02
774,29.66,-242.02
772,30.00,-242.02
773,29.66,-242.02
773,30.00,-242.02
774,30.00,-242.02
773,29.66,-242.02
774,30.00,-242.02
774,29.66,-242.02
772,29.66,-242.02
773,29.66,-242.02
773,29.66,-242.02
773,29.66,-242.02
773,29.66,-242.02
774,29.66,-242.02
773,29.66,-242.02
774,30.00,-242.02
773,29.66,-242.02
773,29.66,-242.02
773,30.00,-242.02
774,30.00,-242.02
773,30.00,-242.02
774,30.00,-242.02
773,30.00,-242.02
773,30.00,-242.02
773,29.66,-242.02
774,29.66,-242.02
773,29.66,-242.02
774,29.66,-242.02
773,30.00,-242.02
773,29.66,-242.02
773,29.66,-242.02
773,29.66,-242.02
773,29.66,-242.02
774,29.66,-242.02
773,30.00,-242.02
774,29.66,-242.02
773,29.66,-241.99
774,30.00,-242.02
773,29.66,-242.02
774,30.00,-242.02
773,30.00,-242.02
774,30.00,-242.02
773,30.00,-234.55
774,30.00,-242.02
773,30.00,988.79
774,30.00,-242.02
773,30.00,-242.02
774,30.00,-242.02
773,30.00,-242.02
773,30.00,-242.02
773,29.66,988.79
773,30.00,-242.02
773,29.66,-242.02
773,30.00,-242.02
773,30.00,-242.02
774,29.66,-242.02
774,30.00,-242.02
773,29.66,-242.02
773,30.00,-242.02
773,30.00,-242.02
773,30.34,-242.02
773,30.00,-242.02
773,30.34,-242.02
773,30.00,-242.02
773,30.00,-242.02
773,30.00,-242.02
773,30.34,-242.02
773,30.00,-242.02
773,30.00,-242.02
773,30.34,988.79
774,30.34,-242.02
773,30.34,-242.02
773,30.00,-242.02
773,30.34,-242.02
773,30.34,-242.02
773,30.68,-242.02
773,30.34,-242.02
773,30.68,-242.02
774,30.34,-242.02
773,30.34,-241.82
774,30.34,-242.02
773,30.34,-242.02
774,30.00,-242.02
773,30.00,-242.02
773,30.34,-242.02
773,30.00,-242.02
773,30.00,-242.02
773,30.00,-242.02
774,30.00,-242.02
773,30.00,-242.02
774,30.00,-242.02
773,30.34,-242.02
774,30.00,-242.02
773,30.00,-242.02
773,30.00,-242.02
773,30.00,-242.02
773,30.34,-242.02
773,30.34,-242.02
773,30.00,-242.02
773,30.34,-242.02
773,30.34,-242.02
773,30.68,-242.02
773,30.34,-242.02
773,30.34,-242.02
773,30.34,-242.02
773,30.34,-242.02
773,30.34,-242.02
773,30.34,-242.02
773,30.34,-242.02
773,30.34,-242.02
773,30.68,-242.02
774,30.34,-242.02
773,31.02,988.79
774,30.68,-242.02
773,30.34,988.79
774,30.68,-242.02
773,31.02,-242.02
774,31.02,-242.02
773,31.36,-242.02
774,31.02,-242.02
773,30.68,-242.02
774,30.68,-242.02
773,31.02,-242.02
774,30.68,-242.02
773,30.68,988.79
774,30.68,-242.02
774,30.68,-242.02
773,30.68,-242.02
773,30.34,-242.02
773,30.34,-242.02
773,30.34,-242.02
774,30.68,-242.02
773,30.68,-242.02
773,30.34,-242.02
773,30.68,-242.02
774,30.34,-242.02
773,30.34,-242.02
774,31.02,-242.02
773,30.34,988.79
773,30.68,-242.02
773,30.68,-242.02
773,31.02,-242.02
773,30.68,988.79
774,31.02,-242.02
773,31.02,988.79
774,30.68,-242.02
773,31.36,988.79
774,31.02,-242.02
773,31.02,988.79
773,31.02,-242.02
773,30.68,988.79
774,31.02,-242.02
773,31.02,988.79
774,30.68,-242.02
773,30.68,-242.02
774,30.68,-242.02
773,31.02,988.79
775,31.02,-242.02
773,31.02,988.79
773,31.36,-242.02
773,31.02,-242.02
774,31.02,-242.02
773,30.68,-242.02
774,31.02,-242.02
773,31.02,-242.02
773,31.02,-242.02
773,31.02,-242.02
773,31.02,-242.02
773,30.68,-242.02
774,31.02,-242.02
773,31.02,-242.02
774,31.02,-242.02
773,31.02,-242.02
774,31.02,-242.02
773,30.68,-242.02
774,31.36,-242.02
773,30.68,-242.02
774,30.68,-242.02
773,30.68,-242.02
774,30.68,-242.02
773,30.68,-242.02
774,30.34,-242.02
773,30.68,-242.02
774,30.34,-242.02
773,30.34,-242.02
774,30.68,-242.02
773,30.34,-242.02
774,30.34,-242.02
773,30.34,-242.02
774,30.00,-242.02
773,30.00,-242.02
774,30.34,-242.02
773,30.34,-242.02
774,30.34,-242.02
773,30.68,-242.02
774,30.34,-242.02
773,30.00,-242.02
773,30.00,-242.02
774,30.34,-242.02
773,30.34,-242.02
774,30.34,-242.02
773,30.34,-242.02
774,30.34,-242.02
773,30.68,-242.02
774,30.34,-242.02
773,30.34,-211.73
774,30.34,-242.02
773,30.68,-242.02
774,30.34,-242.02
773,30.68,-242.02
774,30.68,-242.02
773,30.68,-242.02
774,30.34,-242.02
773,30.68,-242.02
774,30.68,-242.02
773,31.02,-242.02
774,30.68,-242.02
773,31.36,-242.02
774,31.02,-242.02
773,31.02,-242.02
773,31.02,-242.02
773,31.02,-242.02
773,31.02,-242.02
773,31.02,-242.02
774,30.68,-242.02
773,30.68,-242.02
774,31.02,-242.02
773,30.68,-242.02
774,31.02,-242.02
773,30.68,-242.02
774,30.68,-242.02
773,31.02,-242.02
773,31.36,-242.02
773,30.68,-242.02
773,31.36,-242.02
773,31.02,-242.02
773,31.02,-242.02
774,31.02,-242.02
773,31.36,-242.02
774,31.02,-242.02
773,31.36,-242.02
774,31.36,-242.02
773,31.36,-242.02
774,31.36,-242.02
773,31.02,-242.02
774,31.02,-242.02
773,30.68,-242.02
774,31.36,-242.02
773,31.36,-242.02
774,31.36,-242.02
773,31.36,-242.02
774,31.02,-242.02
773,31.36,-242.02
774,31.36,-242.02
773,30.68,-242.02
774,30.68,-242.02
773,30.68,-242.02
774,31.02,-242.02
773,30.68,-242.02
774,30.68,-242.02
773,30.68,-242.02
774,30.34,-242.02
773,30.68,-242.02
774,30.68,-242.02
773,30.68,-242.02
774,30.34,-242.02
773,30.34,-242.02
774,30.68,-242.02
773,30.68,-242.02
774,30.68,-242.02
773,30.68,-242.02
774,30.68,-242.02
773,31.02,-242.02
774,30.34,-242.02
773,30.34,-242.02
774,30.34,-242.02
773,30.68,-242.02
774,30.34,-242.02
773,30.68,-242.02
774,30.00,-242.02
773,30.34,-242.02
774,30.68,-242.02
773,30.68,-242.02
774,30.34,-242.02
773,30.68,-242.02
774,30.68,-242.02
773,30.34,-242.02
774,30.34,-242.02
773,30.34,-242.02
774,30.68,-242.02
773,30.34,-242.02
774,30.34,-242.02
773,30.68,-242.02
774,30.34,-242.02
773,30.34,-242.02
774,30.34,-242.02
773,30.34,-242.02
774,30.68,-242.02
773,30.34,-242.02
773,30.34,-242.02
773,30.68,-242.02
773,30.34,-242.02
773,30.68,-242.02
773,30.34,-242.02
773,30.34,-242.02
773,30.68,-242.02
773,30.68,-242.02
774,30.68,-242.02
773,30.68,-242.02
773,30.68,-242.02
773,30.68,-242.02
774,30.68,-242.02
773,30.68,-242.02
774,30.68,-242.02
773,30.34,-242.02
774,30.34,-242.02
772,30.34,-242.02
774,30.68,-242.02
773,30.68,-242.02
774,30.68,-242.02
773,30.68,-242.02
774,31.02,-242.02
773,30.68,-242.02
774,30.68,-242.02
773,31.02,-242.02
774,30.68,-242.02
773,30.68,-242.02
774,30.34,-242.02
773,30.34,-242.02
774,30.68,-242.02
773,30.34,-242.02
774,30.68,-242.02
773,30.68,-242.02
773,30.68,-242.02
773,30.68,-242.02
773,30.68,-242.02
773,30.34,-242.02
772,30.68,-242.02
773,30.68,-242.02
774,30.68,-242.02
773,30.68,-242.02
774,30.34,-242.02
773,30.68,-242.02
774,30.68,-242.02
773,30.68,-242.02
774,30.68,-242.02
773,30.68,-242.02
774,30.68,-242.02
773,30.68,-242.02
774,31.02,-242.02
773,31.02,-242.02
774,30.68,-242.02
773,30.68,-242.02
774,30.68,-242.02
773,30.68,-242.02
774,31.02,-242.02
773,30.68,-242.02
774,30.34,-242.02
773,31.02,-242.02
774,31.02,-242.02
773,30.68,-242.02
774,30.68,-242.02
773,31.02,-242.02
774,31.02,-242.02
773,30.68,-242.02
774,31.02,-242.02
773,30.68,-242.02
774,30.68,-242.02
773,30.34,-242.02
772,30.68,-242.02
