760,-242.02,29.76
760,-242.02,29.80
760,-242.02,29.83
760,-242.02,29.83
760,-242.02,29.83
760,-242.02,29.83
760,-242.02,29.86
760,-242.02,29.86
760,-242.02,29.86
761,-242.02,29.86
759,-242.02,29.86
760,-242.02,29.90
761,-242.02,29.83
759,-242.02,29.83
760,-242.02,29.83
760,-242.02,29.86
760,-242.02,29.86
760,-242.02,29.83
760,-242.02,29.83
760,-242.02,29.86
760,-242.02,29.86
760,-242.02,29.86
760,-242.02,29.83
760,-242.02,29.83
760,-242.02,29.83
760,-242.02,29.86
760,-242.02,29.83
761,-242.02,29.86
760,-242.02,29.86
760,-242.02,29.83
761,-242.02,29.86
760,-242.02,29.86
760,-242.02,29.86
760,-242.02,29.83
761,-242.02,29.83
759,-242.02,29.83
760,-242.02,29.83
760,-242.02,29.83
761,-242.02,29.83
760,-242.02,29.83
760,-242.02,29.83
760,-242.02,29.80
760,-242.02,29.83
760,-242.02,29.80
760,-242.02,29.80
761,26.28,29.83
761,26.28,29.80
760,28.31,29.76
760,30.00,29.80
760,30.00,29.80
760,29.66,29.80
760,29.32,29.80
760,28.98,29.80
760,28.65,29.80
760,28.65,29.80
760,28.65,29.76
760,28.65,29.76
760,28.65,29.76
761,28.65,29.76
761,28.65,29.76
761,28.98,29.76
761,28.98,29.80
761,28.98,29.76
760,28.98,29.76
760,29.32,29.76
760,29.32,29.76
761,29.32,29.76
761,29.32,29.76
761,29.32,29.76
761,29.32,29.73
760,29.32,29.76
761,28.98,29.76
761,29.32,29.76
761,28.98,29.76
761,28.98,29.76
761,28.98,29.76
761,28.65,29.73
761,28.98,29.76
761,28.98,29.73
760,28.98,29.76
761,28.65,29.76
760,28.65,29.76
761,28.31,29.76
760,28.65,29.73
760,28.65,29.73
761,28.31,29.76
761,28.31,29.76
761,28.31,29.73
761,28.31,29.73
761,27.97,29.73
