765,30.37
764,30.37
765,30.37
765,30.37
764,30.44
765,30.44
765,30.44
765,30.44
765,30.44
764,30.47
765,30.51
765,30.51
764,30.51
765,30.51
765,30.51
764,30.54
765,30.54
765,30.54
765,30.54
765,30.58
765,30.58
765,30.61
765,30.61
765,30.68
765,30.68
765,30.71
765,30.71
765,30.75
765,30.75
763,30.78
765,30.78
765,30.81
765,30.81
765,30.85
765,30.85
765,30.85
764,30.88
765,30.91
765,30.88
765,30.95
765,30.95
765,30.98
765,30.98
765,31.02
763,31.02
765,31.02
765,31.08
764,31.05
765,31.08
765,31.08
765,31.12
764,31.12
764,31.08
765,31.12
765,31.08
765,31.12
765,31.12
765,31.12
765,31.12
764,31.12
763,31.12
765,31.12
765,31.15
765,31.15
763,31.15
763,31.15
765,31.15
765,31.15
765,31.12
765,31.15
765,31.12
765,31.12
765,31.12
765,31.08
765,31.08
765,31.05
765,31.05
765,30.98
765,30.95
765,30.95
765,30.98
765,30.91
765,30.88
765,30.85
765,30.85
765,30.85
765,30.85
765,30.81
765,30.81
765,30.81
765,30.81
764,30.78
765,30.78
764,30.78
765,30.75
764,30.75
763,30.75
765,30.75
764,30.78
765,30.78
765,30.75
765,30.78
761,30.75
