762,-242.02,32.03
761,-242.02,32.07
762,-242.02,32.10
762,-242.02,32.10
762,-242.02,32.14
762,-242.02,32.10
762,-242.02,32.10
762,-242.02,32.14
761,-242.02,32.17
762,-242.02,32.14
761,-242.02,32.14
762,-242.02,32.17
762,-242.02,32.17
762,-242.02,32.20
761,-242.02,32.17
762,-242.02,32.17
762,-242.02,32.20
761,-242.02,32.17
762,-242.02,32.17
762,-242.02,32.17
761,-242.02,32.17
762,-242.02,32.20
762,-242.02,32.20
761,-242.02,32.17
762,-242.02,32.20
761,-242.02,32.20
760,-242.02,32.24
762,-242.02,32.20
760,-242.02,32.24
762,-242.02,32.24
762,-242.02,32.20
762,-242.02,32.20
762,-242.02,32.17
762,-242.02,32.14
762,-242.02,32.10
762,-242.02,32.07
761,-242.02,32.03
762,-242.02,31.97
761,33.39,31.97
761,33.39,31.93
762,33.39,31.86
762,33.39,31.86
762,33.39,31.83
761,33.39,31.83
762,33.39,31.86
762,33.39,31.83
762,33.39,31.86
761,33.05,31.90
761,33.39,31.90
762,33.39,31.90
762,33.39,31.90
762,33.39,31.90
760,33.39,31.93
761,33.39,31.90
762,33.39,31.86
762,33.39,31.83
762,33.39,31.80
762,33.39,31.76
762,33.39,31.76
762,33.39,31.73
762,33.39,31.73
762,33.39,31.69
762,33.39,31.66
762,33.05,31.66
761,33.39,31.63
761,33.39,31.63
762,33.05,31.59
762,33.05,31.59
762,33.05,31.59
762,33.05,31.59
761,33.05,31.56
762,33.05,31.52
762,33.05,31.49
762,33.05,31.49
762,33.05,31.46
762,33.05,31.39
762,33.05,31.39
761,33.05,31.39
761,33.05,31.39
762,32.71,31.36
762,32.71,31.32
762,33.05,31.36
760,33.05,31.36
761,32.71,31.29
762,33.05,31.32
762,32.71,31.29
762,32.71,31.29
762,32.71,31.29
762,32.71,31.25
761,32.71,31.22
761,32.71,31.22
762,32.71,31.19
762,32.71,31.19
761,32.71,31.15
761,32.71,31.19
762,32.71,31.19
762,32.37,31.22
762,32.71,31.19
761,32.71,31.22
762,32.71,31.19
762,32.71,31.19
761,32.71,31.15
762,32.71,31.19
762,32.71,31.19
762,32.71,31.19
760,32.71,31.19
761,32.71,31.19
762,32.71,31.19
762,32.71,31.19
762,32.37,31.22
762,32.71,31.25
762,32.37,31.25
762,32.71,31.25
761,32.71,31.25
760,32.37,31.25
760,32.71,31.29
761,32.71,31.29
762,32.71,31.32
762,32.37,31.32
762,32.71,31.36
762,32.71,31.39
762,32.71,31.42
762,32.71,31.42
761,32.71,31.46
760,32.71,31.46
760,32.71,31.46
762,32.71,31.52
761,32.71,31.56
762,32.71,31.56
761,32.71,31.56
762,32.71,31.56
762,32.71,31.59
761,32.71,31.63
762,32.71,31.63
760,33.05,31.66
761,32.71,31.66
761,32.71,31.69
761,32.71,31.69
762,32.71,31.73
762,32.71,31.73
762,32.71,31.76
762,33.05,31.83
762,32.71,31.83
760,32.71,31.86
761,32.71,31.90
762,32.71,31.93
762,32.71,31.93
762,32.71,31.97
761,32.71,32.00
760,32.71,32.03
760,33.05,32.03
761,32.71,32.07
762,32.71,32.07
762,33.05,32.10
762,32.71,32.10
762,33.05,32.10
762,32.71,32.10
762,32.71,32.07
762,32.71,32.07
761,32.71,32.07
761,32.71,32.03
761,32.71,32.00
761,32.71,32.00
762,32.71,31.97
762,32.71,31.97
762,32.71,31.93
762,32.37,31.93
762,32.03,31.90
762,32.03,31.86
762,31.69,31.86
761,32.03,31.83
761,31.69,31.76
761,31.69,31.73
761,31.69,31.69
761,31.69,31.66
762,31.69,31.63
762,31.69,31.59
762,31.69,31.56
761,31.69,31.56
761,31.69,31.52
762,31.69,31.52
762,31.69,31.52
762,31.69,31.52
762,31.69,31.59
762,31.69,31.59
762,31.69,31.66
762,31.69,31.66
762,31.69,31.69
760,31.69,31.76
761,31.69,31.76
762,31.69,31.80
762,31.69,31.83
761,31.69,31.86
761,32.03,31.90
762,31.69,31.93
762,31.69,31.90
762,32.03,31.93
762,31.69,31.93
762,31.69,31.86
761,31.69,31.86
762,31.69,31.90
762,32.03,31.90
761,31.69,31.90
761,32.03,31.90
762,32.03,31.90
762,32.03,31.93
762,32.03,31.93
760,32.03,31.93
762,32.03,31.93
762,32.03,31.93
761,31.69,31.93
760,32.03,31.90
762,32.03,31.86
762,31.69,31.86
762,31.69,31.83
762,32.03,31.80
762,31.69,31.80
761,32.03,31.76
761,32.03,31.76
762,31.69,31.76
762,32.03,31.76
762,32.03,31.76
760,32.03,31.76
761,32.03,31.73
762,32.03,31.73
762,32.03,31.76
761,32.03,31.80
761,32.03,31.83
762,32.03,31.83
762,32.03,31.83
762,32.03,31.83
762,32.03,31.83
760,31.69,31.83
762,31.69,31.83
762,32.03,31.83
762,31.69,31.80
761,31.36,31.73
762,31.36,31.73
762,31.02,31.69
761,31.02,31.66
761,31.02,31.66
762,31.36,31.66
762,31.36,31.63
760,31.69,31.63
761,31.69,31.63
762,31.69,31.63
762,31.69,31.59
761,31.36,31.59
762,31.02,31.59
761,30.68,31.59
761,30.68,31.59
761,30.34,31.63
761,30.34,31.66
761,30.00,31.73
762,30.00,31.73
760,29.66,31.73
760,29.66,31.73
761,29.32,31.73
761,29.32,31.76
761,29.32,31.80
761,29.66,31.76
762,29.32,31.76
761,29.32,31.80
761,29.32,31.80
762,29.32,31.76
761,29.32,31.76
761,28.98,31.73
762,28.98,31.66
761,28.98,31.66
762,28.98,31.59
762,28.65,31.56
762,28.65,31.52
762,28.65,31.52
762,28.31,31.49
761,28.31,31.49
761,28.65,31.46
761,28.65,31.42
761,28.31,31.42
761,28.31,31.42
762,28.31,31.42
761,28.31,31.42
761,28.31,31.39
762,27.97,31.39
761,27.97,31.36
762,28.31,31.36
761,27.97,31.32
761,28.31,31.32
761,27.97,31.32
761,27.97,31.29
762,28.31,31.29
761,28.31,31.25
762,27.97,31.25
762,27.97,31.22
761,27.63,31.22
760,27.97,31.25
760,27.97,31.19
761,27.63,31.19
762,27.63,31.19
761,27.63,31.22
761,27.63,31.15
762,27.63,31.15
761,27.63,31.15
761,27.97,31.15
761,27.63,31.19
761,27.63,31.19
761,27.63,31.19
761,27.63,31.19
761,27.63,31.19
762,27.97,31.22
762,27.63,31.25
761,27.97,31.22
761,27.97,31.25
761,27.97,31.22
761,27.97,31.25
761,27.97,31.25
761,27.97,31.25
761,27.97,31.29
761,27.97,31.29
761,27.97,31.22
761,27.97,31.25
762,27.97,31.22
761,27.97,31.25
761,27.97,31.22
761,27.97,31.22
761,27.63,31.22
762,27.97,31.19
761,27.97,31.19
761,27.97,31.19
761,27.97,31.15
761,28.31,31.19
761,27.97,31.15
761,27.97,31.19
761,27.97,31.15
761,27.97,31.15
761,27.97,31.12
761,27.97,31.15
762,27.97,31.12
760,27.97,31.12
761,27.97,31.12
761,27.97,31.08
762,27.97,31.08
762,27.97,31.08
761,27.97,31.08
761,27.97,31.08
762,27.97,31.08
762,27.97,31.05
761,27.97,31.05
760,27.97,31.05
761,27.97,31.05
761,27.97,31.05
761,27.97,31.05
761,27.97,31.02
761,27.63,31.05
760,27.63,31.02
761,27.63,31.02
761,27.63,31.05
761,27.63,31.02
760,27.63,31.02
761,27.63,31.05
762,27.63,30.98
761,27.63,31.05
761,27.97,31.05
762,27.97,31.08
761,27.63,31.08
761,27.97,31.08
761,27.97,31.12
762,27.97,31.12
761,27.63,31.12
761,27.63,31.15
762,27.63,31.15
762,27.63,31.19
762,27.63,31.19
762,27.63,31.22
761,27.63,31.25
761,27.97,31.25
762,27.97,31.22
762,27.97,31.29
760,27.97,31.29
761,27.97,31.29
762,27.97,31.32
761,27.97,31.36
761,27.97,31.32
761,27.97,31.39
762,27.97,31.39
761,27.97,31.39
761,27.97,31.39
761,27.97,31.36
760,27.97,31.36
761,27.63,31.36
761,27.97,31.36
762,27.97,31.36
761,27.97,31.36
762,28.31,31.32
761,28.31,31.32
761,28.31,31.32
761,27.97,31.32
761,27.97,31.29
761,28.31,31.29
761,28.31,31.29
761,28.31,31.29
761,28.31,31.36
762,27.97,31.36
761,27.97,31.32
761,27.97,31.36
761,27.97,31.36
761,27.97,31.36
761,27.63,31.36
761,27.63,31.36
761,27.97,31.39
761,27.97,31.42
760,27.97,31.46
762,27.97,31.46
761,28.31,31.46
760,27.97,31.49
761,27.97,31.49
760,27.97,31.49
761,27.97,31.52
762,27.97,31.52
761,27.63,31.52
762,27.63,31.56
761,27.63,31.52
761,27.97,31.56
761,27.97,31.56
760,27.63,31.59
760,27.63,31.63
762,27.97,31.66
762,27.97,31.69
761,27.63,31.69
761,27.97,31.76
761,27.63,31.80
762,27.63,31.80
761,27.97,31.83
760,27.97,31.83
761,27.63,31.83
761,27.97,31.83
761,27.97,31.86
761,27.97,31.83
761,28.31,31.83
761,28.31,31.83
761,28.31,31.86
761,28.31,31.83
760,28.65,31.83
761,28.31,31.86
761,28.65,31.86
761,28.65,31.90
761,28.31,31.90
761,28.65,31.90
761,28.31,31.90
760,28.65,31.90
761,28.31,31.86
761,28.31,31.86
761,28.31,31.86
761,28.31,31.83
761,28.31,31.83
761,28.31,31.80
761,28.31,31.76
761,28.31,31.73
760,28.31,31.80
760,28.31,31.73
761,27.97,31.73
760,28.31,31.76
761,27.97,31.73
761,27.97,31.73
761,27.97,31.69
761,28.31,31.69
760,27.97,31.66
761,28.31,31.66
761,27.97,31.66
762,28.31,31.63
761,28.31,31.59
761,27.97,31.56
761,27.97,31.49
761,27.97,31.56
762,27.97,31.52
761,28.31,31.56
761,28.31,31.56
761,28.31,31.56
761,28.31,31.56
761,28.31,31.52
761,28.31,31.52
760,28.31,31.52
761,27.97,31.56
761,27.97,31.56
761,28.31,31.56
761,27.97,31.52
761,28.31,31.52
761,28.31,31.52
761,28.31,31.52
761,28.31,31.52
761,28.31,31.56
761,28.31,31.56
761,28.31,31.56
761,28.31,31.56
761,28.31,31.56
760,28.31,31.56
761,28.31,31.56
761,28.31,31.56
761,28.31,31.59
762,28.65,31.52
761,28.65,31.56
760,28.31,31.56
761,28.31,31.56
761,28.31,31.56
761,28.31,31.56
761,28.65,31.56
761,28.65,31.52
761,28.65,31.52
761,28.65,31.49
760,28.65,31.46
761,28.65,31.42
761,28.65,31.42
761,28.65,31.39
760,28.65,31.42
761,28.65,31.42
761,28.65,31.42
761,28.31,31.42
760,28.65,31.46
761,28.65,31.42
762,28.65,31.39
762,28.65,31.42
761,28.31,31.42
761,28.31,31.42
761,28.31,31.46
761,28.31,31.46
762,28.31,31.46
761,28.31,31.46
761,28.31,31.46
761,28.31,31.46
761,28.31,31.46
761,28.31,31.46
761,28.31,31.46
762,28.31,31.42
762,28.31,31.39
761,28.31,31.42
760,28.31,31.36
761,28.31,31.39
761,28.31,31.36
761,27.97,31.36
761,27.97,31.36
760,27.97,31.36
760,27.97,31.32
761,27.97,31.32
761,27.97,31.32
761,27.97,31.32
761,27.97,31.32
761,27.97,31.32
761,27.97,31.32
760,27.97,31.32
760,27.97,31.36
760,27.97,31.32
761,27.97,31.32
761,27.97,31.32
761,27.97,31.32
761,27.97,31.29
761,27.97,31.32
761,27.97,31.32
761,27.97,31.32
761,27.97,31.32
761,27.97,31.36
761,27.97,31.39
761,27.97,31.46
761,27.97,31.46
761,27.97,31.49
761,27.97,31.49
761,28.31,31.49
761,27.97,31.49
761,27.97,31.49
761,27.97,31.49
762,27.97,31.49
761,27.97,31.52
760,27.97,31.59
761,27.97,31.66
761,27.97,31.69
761,28.31,31.73
761,28.31,31.80
761,28.31,31.80
761,28.31,31.83
761,28.31,31.86
761,28.31,31.83
761,28.31,31.86
760,28.31,31.83
760,28.65,31.80
761,28.31,31.80
761,28.31,31.80
761,28.31,31.80
761,28.31,31.80
761,28.31,31.76
761,28.31,31.80
761,28.31,31.80
761,28.31,31.80
760,28.31,31.80
760,28.31,31.80
761,28.31,31.83
761,28.31,31.86
761,28.31,31.86
761,28.31,31.90
761,28.31,31.86
762,28.31,31.90
761,28.31,31.90
761,28.31,31.90
762,28.31,31.90
760,28.31,31.90
761,28.31,31.86
761,28.31,31.86
761,28.31,31.83
760,28.31,31.80
761,27.97,31.73
761,27.97,31.73
761,28.31,31.69
761,28.31,31.63
761,28.31,31.59
761,27.97,31.63
761,28.31,31.56
762,28.31,31.56
761,28.31,31.52
761,28.31,31.52
761,28.31,31.49
761,28.31,31.49
761,28.31,31.49
760,28.31,31.49
761,28.31,31.49
761,28.65,31.49
761,28.31,31.52
761,28.31,31.52
761,28.31,31.56
761,28.31,31.56
761,27.97,31.52
760,27.97,31.56
760,27.97,31.56
761,27.97,31.56
761,27.63,31.52
761,27.63,31.49
760,27.63,31.49
761,27.29,31.46
762,27.63,31.46
761,27.63,31.42
761,27.63,31.39
761,27.63,31.36
760,27.63,31.36
761,27.29,31.32
761,27.63,31.32
761,27.63,31.32
761,27.63,31.29
761,27.63,31.25
760,27.63,31.25
761,27.63,31.25
761,27.63,31.22
761,27.63,31.19
762,27.63,31.22
761,27.63,31.22
761,27.29,31.22
761,27.29,31.19
761,27.29,31.19
760,27.29,31.15
761,27.29,31.22
761,26.95,31.22
761,26.95,31.22
760,26.61,31.25
761,26.95,31.25
761,26.95,31.29
754,26.95,31.25
761,26.61,31.29
761,26.95,31.29
762,26.95,31.29
761,26.95,31.29
761,26.95,31.29
761,27.29,31.29
761,27.29,31.29
761,26.95,31.25
761,26.95,31.25
756,26.95,31.22
761,26.95,31.22
755,26.95,31.19
756,27.29,31.15
761,27.29,31.15
761,27.29,31.15
761,27.29,31.12
761,27.29,31.08
761,27.29,31.12
762,27.63,31.12
760,27.29,31.08
761,27.63,31.05
761,27.63,31.02
761,27.63,30.98
761,27.63,30.95
761,27.63,30.95
761,27.63,30.88
761,27.63,30.88
760,27.63,30.85
761,27.29,30.85
761,27.63,30.81
761,27.63,30.85
761,27.63,30.88
761,27.63,30.91
761,27.97,30.95
761,27.97,30.95
761,27.97,30.95
760,27.97,30.95
761,27.97,30.95
761,27.97,30.98
762,27.97,31.02
761,27.97,31.02
761,27.97,31.05
761,27.63,31.08
761,27.97,31.05
761,27.97,31.05
762,27.97,31.08
762,27.97,31.12
761,27.97,31.12
761,27.63,31.12
761,27.29,31.12
760,27.29,31.08
761,27.29,31.08
761,27.29,31.12
761,27.29,31.08
761,27.29,31.12
761,27.29,31.12
761,27.29,31.12
761,27.29,31.12
761,27.29,31.15
761,27.63,31.15
761,27.63,31.19
761,27.63,31.15
761,27.63,31.19
761,27.63,31.22
761,27.63,31.25
760,27.63,31.22
760,27.63,31.25
761,27.97,31.25
761,27.63,31.25
761,27.97,31.29
761,27.63,31.29
761,27.63,31.36
761,27.97,31.39
761,27.97,31.42
761,27.97,31.42
761,27.97,31.49
760,27.63,31.46
760,27.97,31.49
761,27.63,31.49
760,27.97,31.46
761,28.31,31.49
761,27.97,31.49
760,27.97,31.49
761,27.97,31.49
761,27.97,31.52
762,27.97,31.52
761,27.97,31.56
761,27.97,31.59
761,28.31,31.59
761,27.97,31.66
761,27.97,31.73
761,27.97,31.73
761,27.97,31.80
761,28.31,31.80
760,28.31,31.83
761,28.31,31.86
761,28.31,31.86
761,28.31,31.90
760,28.31,31.90
761,28.65,31.90
761,28.65,31.90
761,28.65,31.90
762,28.65,31.90
760,28.98,31.93
761,28.65,31.90
761,28.98,31.93
761,28.98,31.93
761,28.65,31.90
761,28.65,31.93
761,28.98,31.93
761,28.98,31.93
761,28.98,31.97
761,28.98,31.97
761,28.98,31.93
761,28.98,31.97
761,28.98,32.00
762,28.98,32.00
761,28.98,32.03
761,28.98,32.03
761,28.98,32.00
761,28.98,32.03
762,28.98,32.03
760,28.98,32.00
760,28.98,32.00
761,28.98,32.03
761,28.98,32.00
761,28.98,32.00
761,28.98,32.00
761,28.98,32.00
761,28.98,32.03
761,28.98,31.97
761,28.98,31.97
761,28.98,31.97
760,29.32,31.93
761,28.98,31.90
761,28.98,31.90
761,28.65,31.90
762,28.65,31.86
761,28.65,31.83
761,28.65,31.83
761,28.31,31.83
761,28.65,31.76
760,28.65,31.76
761,28.31,31.73
761,28.31,31.73
761,28.31,31.73
760,28.31,31.69
761,28.31,31.66
762,28.65,31.66
761,28.65,31.63
761,28.65,31.66
761,28.31,31.59
761,28.31,31.59
761,28.65,31.59
761,28.65,31.56
761,28.65,31.56
761,28.65,31.52
761,28.65,31.52
761,28.65,31.56
760,28.65,31.56
761,28.31,31.52
761,28.65,31.52
761,28.65,31.49
761,28.65,31.46
761,28.65,31.46
761,28.65,31.46
761,28.65,31.46
761,28.98,31.42
760,28.65,31.42
761,28.98,31.42
761,28.98,31.42
761,28.98,31.39
761,28.65,31.39
761,28.98,31.39
761,28.98,31.39
761,28.98,31.36
761,28.98,31.36
761,28.98,31.36
761,28.98,31.36
761,28.98,31.39
760,28.98,31.36
761,28.98,31.39
761,28.98,31.39
761,28.98,31.42
761,28.98,31.46
761,28.98,31.46
761,28.98,31.46
761,28.98,31.46
761,28.98,31.46
760,28.98,31.42
760,28.98,31.46
761,28.98,31.46
761,28.98,31.46
761,28.98,31.46
761,29.32,31.49
761,28.98,31.46
761,28.98,31.46
761,28.98,31.46
761,28.98,31.46
761,29.32,31.46
760,29.32,31.49
761,28.98,31.46
761,29.32,31.46
761,29.32,31.46
761,29.32,31.46
761,29.32,31.46
761,29.32,31.42
761,28.98,31.42
761,28.98,31.39
761,29.32,31.42
761,29.32,31.39
761,29.32,31.42
761,29.32,31.42
761,28.98,31.46
761,28.98,31.49
761,28.98,31.49
760,28.98,31.56
760,28.98,31.52
761,28.98,31.56
761,29.32,31.59
761,28.65,31.63
761,28.65,31.66
761,28.65,31.66
760,28.98,31.73
761,28.65,31.76
761,28.98,31.80
762,28.65,31.83
760,28.65,31.83
761,28.65,31.86
761,28.65,31.90
761,28.65,31.90
761,28.65,31.86
761,28.65,31.90
761,28.65,31.90
761,28.98,31.90
761,28.65,31.90
760,28.65,31.90
760,28.98,31.90
761,28.65,31.93
761,28.65,31.93
762,28.65,31.97
761,28.98,31.97
762,28.98,32.00
762,28.98,32.03
762,28.65,32.03
762,28.98,32.03
761,28.98,32.03
761,28.98,32.07
760,29.32,32.07
761,28.98,32.07
761,28.98,32.07
761,28.98,32.10
761,28.98,32.10
760,28.98,32.14
761,28.98,32.14
761,28.98,32.10
761,28.98,32.14
760,28.65,32.17
760,28.65,32.14
760,28.98,32.20
761,28.98,32.17
761,28.65,32.20
761,28.98,32.24
761,28.98,32.20
762,28.98,32.20
761,28.98,32.20
761,28.98,32.20
761,28.65,32.20
761,28.98,32.14
761,28.98,32.07
761,28.98,32.07
761,28.98,32.03
762,28.98,32.03
761,28.98,32.00
761,28.98,31.97
761,28.98,31.97
