15:48:32,13.409503,52.514363,6.3,25.4
15:48:38,13.409503,52.514363,6.4,24.9
15:48:42,13.409503,52.514363,6.4,24.9
15:48:48,13.409503,52.514363,6.4,25.0
15:48:52,13.409503,52.514363,6.3,24.6
15:48:56,13.40951,52.514373,6.3,24.4
15:49:02,13.409566,52.514493,6.4,24.3
15:49:06,13.40962,52.514553,6.4,25.2
15:49:10,13.40962,52.514553,6.6,30.1
15:49:14,13.409634,52.514556,6.9,39.0
15:49:18,13.409671,52.514566,7.1,47.0
15:49:24,13.409691,52.514591,7.3,54.5
15:49:26,13.409688,52.514593,7.4,55.4
15:49:32,13.409648,52.51456,7.5,58.4
15:49:36,13.409585,52.514521,7.7,65.9
15:49:40,13.409416,52.514401,7.8,67.2
15:49:44,13.409461,52.514396,8.5,86.8
15:49:48,13.409503,52.514388,8.8,91.3
15:49:52,13.409543,52.514378,9.1,101.7
15:49:56,13.409585,52.514368,9.8,120.5
15:50:00,13.409625,52.514358,10.4,128.9
15:50:04,13.409666,52.514349,10.8,138.1
15:50:10,13.409368,52.513961,11.9,163.5
15:50:20,13.409585,52.513901,13.0,188.4
15:50:24,13.409671,52.513878,13.4,197.3
15:50:26,13.409715,52.513866,14.4,229.3
15:50:30,13.409801,52.513843,15.1,249.7
15:50:34,13.409888,52.513818,15.2,252.7
15:50:40,13.410319,52.515426,16.5,287.7
15:50:44,13.410396,52.515426,17.1,306.4
15:50:46,13.410411,52.515425,17.9,322.6
15:50:50,13.410448,52.515311,18.7,339.0
15:50:54,13.41043,52.515206,19.3,354.0
15:50:56,13.410411,52.515168,19.8,361.0
15:51:00,13.410361,52.515108,19.9,364.6
15:51:04,13.410316,52.515059,19.9,367.4
15:51:10,13.410203,52.515061,20.1,374.1
15:51:14,13.410115,52.515076,20.2,377.5
15:51:18,13.410048,52.51509,20.2,377.9
15:51:22,13.409958,52.515094,20.3,376.3
15:51:26,13.40989,52.515101,20.5,382.5
15:51:30,13.409805,52.51512,20.6,387.7
15:51:34,13.409746,52.515133,20.6,384.2
15:51:38,13.409661,52.515141,20.6,384.7
15:51:42,13.409571,52.515138,19.9,367.1
15:51:46,13.409443,52.51512,20.0,370.5
15:51:50,13.409311,52.515103,19.8,362.7
15:51:54,13.409213,52.515105,19.1,346.2
15:51:58,13.409148,52.515123,18.8,339.7
15:52:02,13.409091,52.515145,18.4,331.9
15:52:06,13.409051,52.515174,17.6,315.9
15:52:10,13.409029,52.515163,17.2,301.9
15:52:14,13.40901,52.515133,17.1,307.5
15:52:18,13.409004,52.515123,16.9,299.3
15:52:22,13.409004,52.515123,16.5,291.5
15:52:28,13.409004,52.515123,16.6,294.7
15:52:38,13.408993,52.515128,16.4,294.2
15:52:42,13.408926,52.515153,15.7,267.0
15:52:48,13.408778,52.51518,15.4,264.7
15:52:52,13.40871,52.515203,15.4,264.0
15:53:00,13.408533,52.515256,15.3,256.5
15:53:04,13.408446,52.515265,14.9,248.1
15:53:08,13.408353,52.515273,14.6,244.5
15:53:12,13.408298,52.515285,14.5,243.0
15:53:16,13.408236,52.515294,14.7,244.5
15:53:20,13.408153,52.515321,14.5,239.0
15:53:24,13.40807,52.515349,14.4,234.0
15:53:28,13.40802,52.515396,14.1,225.7
15:53:32,13.408008,52.515456,14.0,220.3
15:53:38,13.40803,52.515501,14.0,222.2
15:53:44,13.408005,52.515511,13.9,223.6
15:53:48,13.408003,52.51554,14.4,244.4
15:53:52,13.407931,52.515531,14.7,251.1
15:54:00,13.407898,52.515513,15.3,264.3
15:54:04,13.407898,52.515513,15.1,257.8
15:54:08,13.407898,52.515513,15.2,256.5
15:54:12,13.407895,52.515503,15.1,254.5
15:54:16,13.407501,52.51526,15.0,252.7
15:54:20,13.407398,52.51517,14.9,250.7
15:54:24,13.407408,52.515153,14.6,243.2
15:54:28,13.407445,52.515121,14.1,232.3
15:54:34,13.407516,52.515065,13.7,217.1
15:54:38,13.407565,52.515028,12.9,193.5
15:54:42,13.407613,52.514991,12.6,181.5
15:54:46,13.408103,52.515393,12.4,175.6
15:54:48,13.408191,52.515436,12.3,170.8
15:54:50,13.40826,52.515479,12.2,174.8
15:54:54,13.40836,52.515563,11.8,159.5
15:55:00,13.408478,52.515704,10.3,136.4
15:55:04,13.408551,52.515821,10.3,130.0
15:55:08,13.408619,52.516081,10.1,127.7
15:55:12,13.408681,52.51619,10.0,127.0
15:55:16,13.408728,52.516271,9.8,123.2
15:55:22,13.408816,52.516363,9.7,119.5
15:55:26,13.408918,52.516385,9.5,115.1
15:55:30,13.408995,52.516414,9.3,112.9
15:55:34,13.409091,52.516419,9.0,104.9
15:55:38,13.409211,52.516414,8.8,95.8
15:55:42,13.409334,52.516411,8.0,66.9
15:55:46,13.409433,52.51641,7.6,56.4
15:55:52,13.409461,52.516278,7.2,47.6
15:55:56,13.409471,52.516188,7.0,46.9
15:56:10,13.409445,52.516059,6.8,46.0
15:56:12,13.409424,52.516023,6.9,46.6
15:56:16,13.409378,52.515944,7.1,50.5
15:56:22,13.409343,52.515798,7.3,53.4
15:56:26,13.409306,52.515711,8.0,76.3
15:56:30,13.409258,52.51563,8.4,89.9
15:56:36,13.409251,52.515513,9.3,110.9
15:56:40,13.409253,52.515453,9.5,121.2
15:56:44,13.409428,52.515405,9.9,130.0
15:56:50,13.409511,52.515353,10.3,136.4
15:56:54,13.4095,52.515334,10.6,140.2
15:57:02,13.409668,52.51537,10.8,143.5
15:57:06,13.409748,52.515388,10.9,146.7
15:57:10,13.409835,52.515398,11.1,147.9
15:57:14,13.409883,52.515413,11.2,151.0
15:57:18,13.409891,52.51542,11.2,152.7
15:57:22,13.409875,52.515458,11.1,152.4
15:57:26,13.409873,52.515515,11.1,154.8
15:57:32,13.40988,52.515616,11.2,156.2
15:57:36,13.409869,52.51568,11.4,160.4
15:57:40,13.409858,52.515743,11.4,161.0
15:57:44,13.409848,52.515806,11.5,165.2
15:57:48,13.409836,52.51587,11.7,166.9
15:57:54,13.409821,52.515965,11.6,163.2
15:58:10,13.408631,52.513726,11.7,167.5
15:58:14,13.408631,52.513726,11.7,168.1
15:58:18,13.408631,52.513726,11.6,167.6
15:58:20,13.408631,52.513726,11.7,167.2
15:58:24,13.408631,52.513726,12.0,170.7
15:58:28,13.408631,52.513726,11.9,171.0
