/// 16 solutions

[0, 1, 3, 2, 6, 7, 5, 13, 9, 8, 10, 11, 27, 19, 23, 21, 20, 4, 12, 28, 24, 26, 18, 22, 30, 14, 15, 31, 29, 25, 17, 16]
0 1 0 2 0 1 3 2 0 1 0 4 3 2 1 0 4 3 4 2 1 3 2 3 4 0 4 1 2 3 0 4
[0, 1, 3, 2, 6, 7, 15, 13, 9, 25, 24, 16, 17, 21, 5, 4, 20, 22, 18, 26, 30, 14, 12, 28, 29, 31, 23, 19, 27, 11, 10, 8]
0 1 0 2 0 3 1 2 4 0 3 0 2 4 0 4 1 2 3 2 4 1 4 0 1 3 2 3 4 0 1 3
[0, 1, 3, 2, 6, 7, 15, 13, 29, 25, 24, 16, 17, 21, 5, 4, 20, 22, 18, 26, 10, 14, 12, 28, 30, 31, 23, 19, 27, 11, 9, 8]
0 1 0 2 0 3 1 4 2 0 3 0 2 4 0 4 1 2 3 4 2 1 4 1 0 3 2 3 4 1 0 3
[0, 1, 3, 2, 6, 7, 15, 13, 29, 25, 24, 16, 20, 4, 5, 21, 17, 19, 18, 26, 10, 14, 12, 28, 30, 22, 23, 31, 27, 11, 9, 8]
0 1 0 2 0 3 1 4 2 0 3 2 4 0 4 2 1 0 3 4 2 1 4 1 3 0 3 2 4 1 0 3
[0, 1, 3, 2, 6, 7, 15, 31, 29, 25, 24, 28, 20, 4, 12, 14, 30, 26, 18, 22, 23, 21, 5, 13, 9, 8, 10, 11, 27, 19, 17, 16]
0 1 0 2 0 3 4 1 2 0 2 3 4 3 1 4 2 3 2 0 1 4 3 2 0 1 0 4 3 1 0 4
[0, 1, 3, 2, 6, 14, 30, 28, 24, 25, 17, 21, 5, 4, 12, 13, 29, 31, 27, 19, 18, 26, 10, 8, 9, 11, 15, 7, 23, 22, 20, 16]
0 1 0 2 3 4 1 2 0 3 2 4 0 3 0 4 1 2 3 0 3 4 1 0 1 2 3 4 0 1 2 4
[0, 1, 3, 7, 6, 4, 12, 8, 10, 26, 27, 31, 23, 21, 5, 13, 29, 28, 24, 16, 20, 22, 30, 14, 15, 11, 9, 25, 17, 19, 18, 2]
0 1 2 0 1 3 2 1 4 0 2 3 1 4 3 4 0 2 3 2 1 3 4 0 2 1 4 3 1 0 4 1
[0, 1, 3, 7, 6, 14, 15, 31, 29, 25, 17, 16, 24, 26, 10, 11, 27, 19, 23, 21, 20, 4, 5, 13, 9, 8, 12, 28, 30, 22, 18, 2]
0 1 2 0 3 0 4 1 2 3 0 3 1 4 0 4 3 2 1 0 4 0 3 2 0 2 4 1 3 2 4 1
[0, 1, 3, 7, 6, 14, 12, 13, 29, 25, 27, 19, 18, 2, 10, 26, 30, 28, 20, 22, 23, 31, 15, 11, 9, 8, 24, 16, 17, 21, 5, 4]
0 1 2 0 3 1 0 4 2 1 3 0 4 3 4 2 1 3 1 0 3 4 2 1 0 4 3 0 2 4 0 2
[0, 1, 3, 7, 15, 14, 12, 8, 10, 26, 18, 19, 23, 21, 5, 13, 29, 28, 24, 16, 17, 25, 9, 11, 27, 31, 30, 22, 20, 4, 6, 2]
0 1 2 3 0 1 2 1 4 3 0 2 1 4 3 4 0 2 3 0 3 4 1 4 2 0 3 1 4 1 2 1
[0, 1, 3, 7, 15, 14, 12, 8, 24, 28, 20, 4, 6, 22, 23, 19, 27, 25, 9, 11, 10, 2, 18, 26, 30, 31, 29, 13, 5, 21, 17, 16]
0 1 2 3 0 1 2 4 2 3 4 1 4 0 2 3 1 4 1 0 3 4 3 2 0 1 4 3 4 2 0 4
[0, 1, 3, 7, 15, 14, 30, 31, 29, 25, 17, 19, 27, 11, 10, 26, 24, 16, 20, 28, 12, 8, 9, 13, 5, 21, 23, 22, 18, 2, 6, 4]
0 1 2 3 0 4 0 1 2 3 1 3 4 0 4 1 3 2 3 4 2 0 2 3 4 1 0 2 4 2 1 2
[0, 1, 3, 7, 15, 14, 30, 31, 29, 25, 17, 21, 5, 13, 12, 28, 24, 16, 18, 26, 10, 8, 9, 11, 27, 19, 23, 22, 20, 4, 6, 2]
0 1 2 3 0 4 0 1 2 3 2 4 3 0 4 2 3 1 3 4 1 0 1 4 3 2 0 1 4 1 2 1
[0, 1, 3, 7, 15, 14, 30, 28, 24, 16, 20, 21, 5, 13, 29, 31, 27, 26, 18, 2, 10, 11, 9, 25, 17, 19, 23, 22, 6, 4, 12, 8]
0 1 2 3 0 4 1 2 3 2 0 4 3 4 1 2 0 3 4 3 0 1 4 3 1 2 0 4 1 3 2 3
[0, 1, 3, 7, 15, 31, 30, 28, 29, 25, 17, 21, 5, 13, 12, 14, 10, 26, 18, 16, 24, 8, 9, 11, 27, 19, 23, 22, 20, 4, 6, 2]
0 1 2 3 4 0 1 0 2 3 2 4 3 0 1 2 4 3 1 3 4 0 1 4 3 2 0 1 4 1 2 1
[0, 1, 3, 7, 15, 31, 30, 28, 29, 25, 17, 21, 5, 13, 12, 8, 9, 11, 27, 19, 23, 22, 20, 4, 6, 14, 10, 26, 24, 16, 18, 2]
0 1 2 3 4 0 1 0 2 3 2 4 3 0 2 0 1 4 3 2 0 1 4 1 3 2 4 1 3 1 4 1
