759,28.71
760,28.71
759,28.37
761,28.71
760,28.71
759,28.71
761,28.71
761,28.37
760,28.37
761,28.37
760,28.37
760,28.37
759,28.37
759,28.37
759,28.37
758,28.37
760,28.37
762,28.37
760,28.37
760,28.71
761,28.71
760,28.71
760,28.71
761,28.71
760,28.71
760,28.71
759,28.71
760,28.71
761,28.71
761,28.71
759,28.71
760,28.71
760,28.71
760,29.05
761,28.71
760,28.71
761,28.71
760,28.71
760,28.71
759,28.71
761,28.71
350,28.71
329,28.71
327,28.71
320,29.05
327,29.05
324,28.71
324,28.71
345,29.05
387,28.71
378,28.71
380,28.71
371,28.71
354,28.71
286,28.71
240,28.71
221,28.71
307,28.71
248,28.37
241,28.71
254,28.71
376,28.37
362,28.37
432,28.37
761,28.37
761,28.37
760,28.37
759,28.37
760,28.37
759,28.37
759,28.37
221,28.37
236,28.37
201,28.37
358,28.37
408,28.37
467,28.37
455,28.37
469,28.37
462,28.37
461,28.37
463,28.37
501,28.37
525,28.37
457,28.37
434,28.37
760,28.37
759,28.37
760,28.37
761,28.37
760,28.37
761,28.37
759,28.37
759,28.37
761,28.37
759,28.71
758,28.37
762,28.71
761,28.37
759,28.37
759,28.71
759,28.37
759,28.71
760,28.71
759,28.71
761,28.71
759,28.37
760,28.71
759,28.71
760,28.71
759,28.71
760,28.71
760,28.71
760,28.71
759,28.71
761,28.71
760,28.71
759,28.71
759,28.71
759,28.71
759,28.71
761,28.71
759,28.71
759,28.71
759,28.71
760,28.71
760,28.71
759,28.71
759,28.71
758,29.05
761,29.05
759,28.71
759,29.05
759,28.71
759,29.05
655,29.05
637,29.05
632,29.05
680,29.05
699,29.05
666,28.71
656,29.05
618,29.05
637,29.05
643,29.05
524,29.05
551,29.05
601,29.05
745,29.05
758,29.05
759,29.05
759,29.05
759,29.05
760,29.05
759,29.05
759,29.05
760,29.05
759,29.05
759,29.05
760,29.05
759,29.05
760,29.05
327,29.05
254,29.05
256,29.05
566,29.05
571,29.05
617,29.05
758,29.05
760,29.05
761,29.05
760,29.05
761,29.05
759,29.39
757,29.05
759,29.05
759,29.05
759,29.05
758,29.05
760,29.05
760,29.05
759,29.05
759,29.05
759,29.05
759,29.05
761,29.05
758,29.05
761,29.05
759,29.05
759,29.05
759,29.05
760,28.71
758,28.71
759,28.71
759,28.71
760,28.71
759,28.71
760,28.71
759,28.37
759,28.37
759,28.71
760,28.37
758,28.37
760,28.37
760,28.37
759,28.37
758,28.37
759,28.37
759,28.37
758,28.37
758,28.37
761,28.37
759,28.37
759,28.37
759,28.37
759,28.37
350,28.37
300,28.37
271,28.37
247,28.37
224,28.37
223,28.37
224,28.37
222,28.37
222,28.37
225,28.37
225,28.37
233,28.37
227,28.37
224,28.37
220,28.37
220,28.37
218,28.37
394,28.37
760,28.37
760,28.03
759,28.37
760,28.37
759,28.37
760,28.03
759,28.03
760,28.03
758,28.03
760,28.03
758,28.03
760,28.03
759,28.03
760,28.03
759,28.03
758,28.03
758,28.03
760,28.03
760,28.03
757,28.03
758,28.03
758,28.03
758,28.03
760,28.03
758,28.03
759,28.03
757,28.03
760,28.37
758,28.37
758,28.03
759,28.37
760,28.37
