757,2962
758,2962
757,2968
757,2975
757,2975
757,2981
757,2981
757,2987
756,2993
757,3000
757,3006
757,3006
757,3006
757,3012
757,3012
757,3012
757,3012
757,3025
757,3031
757,3037
757,3043
757,3050
757,3043
757,3050
756,3050
756,3050
757,3056
757,3050
757,3050
757,3050
756,3037
757,3037
757,3037
757,3037
757,3037
757,3037
757,3037
757,3043
757,3043
757,3050
757,3056
757,3056
757,3056
757,3056
757,3056
757,3056
757,3062
757,3062
757,3062
757,3068
757,3068
757,3075
757,3075
757,3081
757,3081
757,3081
757,3087
757,3093
757,3100
757,3100
757,3100
757,3100
757,3106
757,3106
757,3112
757,3106
757,3112
757,3106
757,3106
757,3106
757,3106
757,3106
757,3106
757,3100
757,3100
757,3106
757,3100
757,3100
757,3100
757,3093
757,3087
757,3087
757,3087
757,3081
757,3087
757,3081
757,3081
757,3081
757,3081
757,3081
757,3081
758,3081
758,3087
758,3093
757,3093
757,3087
758,3093
757,3093
757,3093
757,3100
757,3093
756,3093
757,3093
756,3087
757,3081
756,3081
756,3075
755,3075
756,3075
756,3075
756,3075
756,3075
755,3081
756,3075
757,3075
755,3068
756,3075
757,3068
757,3068
756,3068
756,3075
757,3075
756,3075
756,3081
757,3075
757,3081
757,3081
757,3081
757,3081
757,3081
756,3081
757,3081
756,3081
758,3087
757,3081
756,3081
757,3087
756,3087
757,3087
756,3087
757,3087
756,3087
757,3087
758,3093
758,3093
757,3093
756,3093
758,3093
756,3093
757,3093
758,3093
757,3093
758,3093
756,3093
758,3093
756,3093
756,3093
758,3100
756,3100
756,3100
755,3106
756,3112
756,3118
757,3125
758,3131
757,3137
758,3143
756,3150
756,3150
756,3150
756,3150
756,3150
757,3150
757,3143
756,3143
758,3150
756,3150
758,3156
757,3162
757,3168
758,3175
756,3181
757,3181
756,3181
757,3187
758,3181
758,3181
758,3181
756,3181
758,3181
756,3175
758,3175
757,3168
758,3168
758,3168
758,3162
756,3156
756,3156
758,3156
757,3156
757,3156
758,3150
756,3156
757,3156
756,3150
758,3150
758,3150
758,3143
757,3143
757,3137
758,3143
757,3137
757,3137
757,3131
758,3131
758,3131
758,3125
757,3125
758,3125
758,3131
758,3131
758,3137
758,3137
758,3143
757,3143
757,3150
757,3150
758,3150
758,3156
758,3156
758,3156
757,3162
757,3168
758,3175
758,3175
758,3175
758,3181
758,3187
758,3187
758,3193
756,3193
758,3193
758,3193
758,3187
758,3187
758,3187
758,3181
757,3181
758,3181
758,3181
758,3181
758,3181
756,3181
756,3181
756,3181
756,3175
756,3175
758,3168
756,3168
758,3168
758,3168
758,3168
758,3168
756,3168
756,3168
756,3168
756,3168
756,3168
756,3168
756,3168
756,3162
756,3162
755,3162
756,3162
756,3156
756,3162
756,3162
756,3162
756,3162
756,3162
756,3162
756,3162
756,3162
756,3168
756,3168
755,3168
756,3168
756,3168
756,3168
756,3168
756,3168
756,3168
755,3168
756,3168
756,3168
756,3168
755,3168
755,3168
756,3168
755,3162
756,3162
756,3162
756,3162
756,3162
756,3162
756,3162
756,3162
756,3162
756,3162
756,3162
756,3162
756,3162
756,3168
756,3162
756,3162
756,3168
756,3168
756,3162
755,3168
756,3162
756,3162
756,3162
756,3168
756,3168
756,3162
756,3168
756,3168
756,3168
756,3168
755,3168
755,3168
