755,3143
755,3143
755,3143
755,3143
755,3143
755,3137
755,3137
755,3137
755,3131
755,3131
755,3131
755,3131
755,3131
755,3131
755,3131
755,3137
755,3137
755,3137
755,3137
755,3137
755,3137
755,3137
755,3143
755,3156
755,3168
755,3181
755,3193
755,3200
755,3206
755,3212
755,3218
755,3225
755,3231
755,3231
755,3237
756,3250
755,3250
755,52836
755,3250
755,3256
755,3256
755,3256
755,3262
755,3268
756,3268
755,3268
755,3262
756,3262
755,3256
756,3262
755,3262
755,3262
755,3262
756,3262
755,3268
755,3275
755,3281
756,3281
755,3293
755,3293
755,3287
756,3281
755,3275
755,3268
755,3256
755,3250
755,3243
755,3243
755,3243
755,3237
755,3237
756,3231
756,3231
755,3225
755,3225
755,3225
755,3225
755,3225
756,3231
755,3237
755,3237
755,3231
755,3231
755,3231
755,3225
755,3225
755,3225
755,3225
755,3218
755,3218
755,3212
756,3212
755,3212
756,3206
755,3206
755,3206
755,3206
755,3206
755,3206
755,3200
756,3200
755,3206
756,3206
756,3212
756,3212
755,3212
756,3212
756,3212
756,3212
755,3212
756,3206
755,3212
756,3206
756,3212
755,3218
755,3225
755,3237
756,3250
755,3262
756,3281
756,3293
756,3306
758,3312
758,3325
758,3331
758,3343
758,3343
758,3343
758,3337
758,3337
758,3337
757,3331
758,3325
758,3325
758,3318
758,3312
758,3306
756,3306
758,3300
758,3293
758,3287
758,3281
758,3275
756,3275
758,3268
756,3262
756,3256
758,3256
758,3250
756,3243
756,3237
758,3237
758,3231
758,3225
758,3225
758,3218
758,3218
756,3218
758,3212
756,3212
758,3206
758,3206
757,3200
756,3200
758,3200
758,3200
758,3206
758,3206
758,3206
757,3206
758,3212
758,3225
758,3237
758,3250
758,3256
758,3262
758,3268
758,3281
