754,214341632.00
754,214341632.00
753,214341632.00
754,214341632.00
754,214341632.00
754,214341632.00
756,214341632.00
754,214341632.00
755,214341632.00
754,-242.02
755,-242.02
754,-237.63
754,6374555.00
755,214341632.00
754,-204.27
756,214341632.00
756,-242.02
755,180439.17
755,214341632.00
755,180439.17
755,214341632.00
754,-242.02
756,214341632.00
754,6374555.00
755,214341632.00
754,-241.14
754,214341632.00
755,-242.02
754,-242.02
754,-242.02
754,1415.43
754,214341632.00
755,-242.02
755,214341632.00
755,-242.02
755,214341632.00
754,214341632.00
755,-204.27
755,-242.02
755,-242.02
755,-242.02
753,-223.47
754,-242.02
754,214341632.00
754,214341632.00
