143,29.73
142,29.73
142,29.73
142,29.73
141,29.73
141,29.39
142,29.73
141,29.39
140,29.39
141,29.73
140,29.73
139,29.39
140,29.39
138,29.73
140,29.39
141,29.39
144,29.39
141,29.39
137,29.73
138,29.39
140,29.39
142,29.39
143,29.39
144,29.39
142,29.39
142,29.39
143,29.39
141,29.39
142,29.73
140,30.41
142,31.08
142,31.42
143,31.08
143,30.74
143,30.74
143,30.74
141,30.74
137,30.74
138,30.74
138,30.74
136,30.74
138,30.74
146,30.41
149,30.74
150,30.41
147,30.41
150,30.41
150,30.41
150,30.41
150,30.74
151,30.41
150,30.41
149,30.41
150,30.41
149,30.41
151,30.41
149,30.41
150,30.41
149,30.41
150,30.41
150,30.41
148,30.41
139,30.41
133,30.41
129,30.41
130,30.41
130,30.41
131,30.41
134,30.41
133,30.41
135,30.41
136,30.41
135,30.41
135,30.41
136,30.41
137,30.41
138,30.41
140,30.41
141,30.41
141,30.41
141,30.41
140,30.41
139,30.41
140,30.41
141,30.41
141,30.41
144,30.41
145,30.41
144,30.07
144,30.41
145,30.41
145,30.41
141,30.41
131,30.41
130,30.41
131,30.41
131,30.41
132,30.41
131,30.41
130,30.41
130,30.41
130,30.41
130,30.41
125,30.41
126,30.41
126,30.74
127,30.41
128,30.41
128,30.41
128,30.41
129,30.41
128,30.41
132,30.41
134,30.41
133,30.41
134,30.41
132,30.41
132,30.41
134,30.41
139,30.41
144,30.41
147,30.41
147,30.41
150,30.41
146,30.41
147,30.41
148,30.41
149,30.41
149,30.41
149,30.41
149,30.41
149,30.41
149,30.41
148,30.41
149,30.41
149,30.41
148,30.41
148,30.41
148,30.41
148,30.41
147,30.41
147,30.41
147,30.41
147,30.41
146,30.41
143,30.41
137,30.41
136,30.41
137,30.41
137,30.41
138,30.41
138,30.41
137,30.41
138,30.41
139,30.41
139,30.41
137,30.41
139,30.41
137,30.41
137,30.41
139,30.41
139,30.41
136,30.41
