761,29.05
759,29.05
760,29.05
760,29.39
762,29.05
761,29.39
760,29.05
760,29.05
760,29.05
759,29.05
760,29.05
760,28.71
759,28.71
759,28.71
761,28.71
760,28.71
759,28.71
761,28.71
759,28.71
759,28.71
759,28.71
760,28.71
761,28.71
759,28.71
761,28.71
761,28.71
760,28.71
758,28.71
761,28.71
760,28.71
761,28.37
760,28.71
760,28.37
760,28.71
760,28.71
759,28.71
761,28.37
760,28.71
760,28.37
759,28.71
759,28.37
761,28.37
761,28.71
761,28.37
760,28.71
760,28.37
761,28.71
759,28.71
761,28.71
761,28.71
760,28.71
760,28.71
760,28.71
761,28.71
758,28.71
