52.514022, 13.408764, 00, 2019-10-07T14:00:55.000Z
52.514022, 13.408764, 449, 2019-10-07T14:00:55.000Z
52.513992, 13.408781, 486, 2019-10-07T14:00:58.000Z
52.514003, 13.408774, 514, 2019-10-07T14:00:59.000Z
52.514003, 13.408770, 516, 2019-10-07T14:01:00.000Z
52.514007, 13.408765, 514, 2019-10-07T14:01:01.000Z
52.514015, 13.408763, 508, 2019-10-07T14:01:02.000Z
52.514015, 13.408759, 504, 2019-10-07T14:01:03.000Z
52.514007, 13.408753, 508, 2019-10-07T14:01:04.000Z
52.514003, 13.408746, 502, 2019-10-07T14:01:05.000Z
52.513999, 13.408745, 509, 2019-10-07T14:01:06.000Z
52.513999, 13.408744, 545, 2019-10-07T14:01:07.000Z
52.513992, 13.408746, 533, 2019-10-07T14:01:08.000Z
52.513992, 13.408746, 524, 2019-10-07T14:01:09.000Z
52.513988, 13.408746, 558, 2019-10-07T14:01:10.000Z
52.513992, 13.408746, 527, 2019-10-07T14:01:11.000Z
52.513992, 13.408746, 544, 2019-10-07T14:01:12.000Z
52.513988, 13.408755, 522, 2019-10-07T14:01:13.000Z
52.513984, 13.408757, 514, 2019-10-07T14:01:14.000Z
52.513984, 13.408757, 519, 2019-10-07T14:01:15.000Z
52.513984, 13.408754, 525, 2019-10-07T14:01:16.000Z
52.513984, 13.408750, 518, 2019-10-07T14:01:17.000Z
52.513984, 13.408745, 509, 2019-10-07T14:01:18.000Z
52.513984, 13.408743, 520, 2019-10-07T14:01:19.000Z
52.513988, 13.408741, 532, 2019-10-07T14:01:20.000Z
52.513988, 13.408741, 529, 2019-10-07T14:01:20.000Z
52.513954, 13.408863, 517, 2019-10-07T14:01:22.000Z
52.513965, 13.408854, 519, 2019-10-07T14:01:23.000Z
52.513969, 13.408841, 514, 2019-10-07T14:01:24.000Z
52.513965, 13.408837, 503, 2019-10-07T14:01:25.000Z
52.513961, 13.408825, 496, 2019-10-07T14:01:26.000Z
52.513961, 13.408819, 490, 2019-10-07T14:01:27.000Z
52.513961, 13.408815, 488, 2019-10-07T14:01:28.000Z
52.513961, 13.408811, 493, 2019-10-07T14:01:29.000Z
52.513969, 13.408810, 494, 2019-10-07T14:01:30.000Z
52.513965, 13.408820, 502, 2019-10-07T14:01:31.000Z
52.513969, 13.408814, 502, 2019-10-07T14:01:32.000Z
52.513969, 13.408817, 510, 2019-10-07T14:01:33.000Z
52.513977, 13.408806, 495, 2019-10-07T14:01:34.000Z
52.513980, 13.408804, 484, 2019-10-07T14:01:35.000Z
52.513984, 13.408796, 476, 2019-10-07T14:01:36.000Z
52.513984, 13.408801, 486, 2019-10-07T14:01:37.000Z
52.514007, 13.408732, 478, 2019-10-07T14:01:38.000Z
52.514015, 13.408710, 479, 2019-10-07T14:01:39.000Z
52.514015, 13.408709, 479, 2019-10-07T14:01:40.000Z
52.514011, 13.408713, 484, 2019-10-07T14:01:41.000Z
52.514011, 13.408707, 483, 2019-10-07T14:01:42.000Z
52.514015, 13.408705, 482, 2019-10-07T14:01:43.000Z
52.514015, 13.408708, 482, 2019-10-07T14:01:44.000Z
52.514015, 13.408705, 481, 2019-10-07T14:01:45.000Z
52.514015, 13.408707, 481, 2019-10-07T14:01:46.000Z
52.514015, 13.408705, 485, 2019-10-07T14:01:47.000Z
52.514015, 13.408705, 484, 2019-10-07T14:01:48.000Z
52.514011, 13.408718, 487, 2019-10-07T14:01:49.000Z
52.514011, 13.408715, 490, 2019-10-07T14:01:50.000Z
52.514011, 13.408714, 491, 2019-10-07T14:01:51.000Z
52.514011, 13.408715, 487, 2019-10-07T14:01:52.000Z
52.514011, 13.408720, 488, 2019-10-07T14:01:53.000Z
52.514011, 13.408718, 506, 2019-10-07T14:01:54.000Z
52.514011, 13.408721, 513, 2019-10-07T14:01:55.000Z
52.514011, 13.408724, 526, 2019-10-07T14:01:56.000Z
52.514022, 13.408693, 517, 2019-10-07T14:01:57.000Z
52.514034, 13.408664, 515, 2019-10-07T14:01:58.000Z
52.514041, 13.408647, 520, 2019-10-07T14:01:59.000Z
52.514049, 13.408634, 509, 2019-10-07T14:02:00.000Z
52.514060, 13.408604, 511, 2019-10-07T14:02:01.000Z
52.514068, 13.408583, 512, 2019-10-07T14:02:02.000Z
52.514080, 13.408555, 512, 2019-10-07T14:02:03.000Z
52.514091, 13.408531, 501, 2019-10-07T14:02:04.000Z
52.514102, 13.408501, 507, 2019-10-07T14:02:05.000Z
52.514118, 13.408468, 499, 2019-10-07T14:02:06.000Z
52.514129, 13.408450, 488, 2019-10-07T14:02:07.000Z
52.514133, 13.408441, 490, 2019-10-07T14:02:08.000Z
52.514106, 13.408502, 487, 2019-10-07T14:02:09.000Z
52.514110, 13.408503, 485, 2019-10-07T14:02:10.000Z
52.514118, 13.408488, 486, 2019-10-07T14:02:11.000Z
52.514118, 13.408488, 485, 2019-10-07T14:02:11.000Z
52.514118, 13.408488, 484, 2019-10-07T14:02:11.000Z
52.514118, 13.408488, 483, 2019-10-07T14:02:11.000Z
52.514118, 13.408488, 486, 2019-10-07T14:02:11.000Z
52.514118, 13.408488, 485, 2019-10-07T14:02:11.000Z
52.514118, 13.408488, 486, 2019-10-07T14:02:11.000Z
52.514102, 13.408494, 490, 2019-10-07T14:02:18.000Z
52.514114, 13.408480, 502, 2019-10-07T14:02:19.000Z
52.514129, 13.408461, 503, 2019-10-07T14:02:20.000Z
52.514141, 13.408426, 506, 2019-10-07T14:02:21.000Z
52.514160, 13.408376, 506, 2019-10-07T14:02:22.000Z
52.514186, 13.408310, 509, 2019-10-07T14:02:23.000Z
52.514194, 13.408285, 498, 2019-10-07T14:02:24.000Z
52.514209, 13.408254, 501, 2019-10-07T14:02:25.000Z
52.514228, 13.408221, 497, 2019-10-07T14:02:26.000Z
52.514244, 13.408191, 491, 2019-10-07T14:02:27.000Z
52.514213, 13.408286, 489, 2019-10-07T14:02:28.000Z
52.514179, 13.408362, 490, 2019-10-07T14:02:29.000Z
52.514160, 13.408414, 495, 2019-10-07T14:02:30.000Z
52.514144, 13.408466, 492, 2019-10-07T14:02:31.000Z
52.514133, 13.408501, 500, 2019-10-07T14:02:32.000Z
52.514118, 13.408531, 489, 2019-10-07T14:02:33.000Z
52.514106, 13.408551, 490, 2019-10-07T14:02:34.000Z
52.514091, 13.408577, 489, 2019-10-07T14:02:35.000Z
52.514083, 13.408595, 491, 2019-10-07T14:02:36.000Z
52.514076, 13.408614, 500, 2019-10-07T14:02:37.000Z
52.514064, 13.408630, 491, 2019-10-07T14:02:38.000Z
52.514057, 13.408648, 501, 2019-10-07T14:02:39.000Z
52.514053, 13.408658, 496, 2019-10-07T14:02:40.000Z
52.514049, 13.408670, 493, 2019-10-07T14:02:41.000Z
52.514041, 13.408677, 491, 2019-10-07T14:02:42.000Z
52.514034, 13.408688, 497, 2019-10-07T14:02:43.000Z
52.514030, 13.408702, 500, 2019-10-07T14:02:44.000Z
52.514026, 13.408709, 519, 2019-10-07T14:02:45.000Z
52.514019, 13.408724, 502, 2019-10-07T14:02:46.000Z
52.514015, 13.408730, 506, 2019-10-07T14:02:47.000Z
52.514015, 13.408739, 500, 2019-10-07T14:02:48.000Z
52.514007, 13.408757, 507, 2019-10-07T14:02:49.000Z
52.514003, 13.408765, 505, 2019-10-07T14:02:50.000Z
52.513999, 13.408777, 497, 2019-10-07T14:02:51.000Z
52.513996, 13.408787, 492, 2019-10-07T14:02:52.000Z
52.513992, 13.408790, 498, 2019-10-07T14:02:53.000Z
52.513992, 13.408799, 493, 2019-10-07T14:02:54.000Z
52.513992, 13.408800, 490, 2019-10-07T14:02:55.000Z
52.513988, 13.408802, 498, 2019-10-07T14:02:56.000Z
52.513984, 13.408805, 496, 2019-10-07T14:02:57.000Z
52.513984, 13.408809, 497, 2019-10-07T14:02:58.000Z
52.513984, 13.408806, 499, 2019-10-07T14:02:59.000Z
52.513984, 13.408798, 509, 2019-10-07T14:03:00.000Z
52.513984, 13.408798, 503, 2019-10-07T14:03:01.000Z
52.513980, 13.408803, 510, 2019-10-07T14:03:02.000Z
52.513980, 13.408805, 506, 2019-10-07T14:03:03.000Z
52.513977, 13.408815, 502, 2019-10-07T14:03:04.000Z
52.513977, 13.408821, 500, 2019-10-07T14:03:05.000Z
52.513977, 13.408821, 504, 2019-10-07T14:03:06.000Z
52.513977, 13.408817, 501, 2019-10-07T14:03:07.000Z
52.513977, 13.408817, 501, 2019-10-07T14:03:08.000Z
52.513977, 13.408818, 537, 2019-10-07T14:03:09.000Z
52.513977, 13.408818, 523, 2019-10-07T14:03:10.000Z
52.513973, 13.408823, 524, 2019-10-07T14:03:11.000Z
52.513973, 13.408824, 519, 2019-10-07T14:03:12.000Z
52.513969, 13.408825, 520, 2019-10-07T14:03:13.000Z
52.513965, 13.408831, 535, 2019-10-07T14:03:14.000Z
52.513965, 13.408837, 517, 2019-10-07T14:03:15.000Z
52.513961, 13.408842, 515, 2019-10-07T14:03:16.000Z
52.513961, 13.408844, 510, 2019-10-07T14:03:17.000Z
52.513954, 13.408848, 509, 2019-10-07T14:03:18.000Z
52.513950, 13.408854, 512, 2019-10-07T14:03:19.000Z
52.513950, 13.408860, 512, 2019-10-07T14:03:20.000Z
52.513950, 13.408864, 512, 2019-10-07T14:03:21.000Z
52.513946, 13.408867, 512, 2019-10-07T14:03:22.000Z
52.513942, 13.408870, 515, 2019-10-07T14:03:23.000Z
52.513942, 13.408872, 511, 2019-10-07T14:03:24.000Z
52.513942, 13.408873, 511, 2019-10-07T14:03:25.000Z
52.513942, 13.408876, 516, 2019-10-07T14:03:26.000Z
52.513938, 13.408876, 525, 2019-10-07T14:03:27.000Z
52.513938, 13.408876, 524, 2019-10-07T14:03:28.000Z
52.513938, 13.408877, 530, 2019-10-07T14:03:29.000Z
52.513935, 13.408878, 559, 2019-10-07T14:03:30.000Z
52.513935, 13.408879, 532, 2019-10-07T14:03:31.000Z
52.513935, 13.408881, 536, 2019-10-07T14:03:32.000Z
52.513931, 13.408882, 529, 2019-10-07T14:03:33.000Z
52.513935, 13.408882, 521, 2019-10-07T14:03:34.000Z
52.513935, 13.408882, 520, 2019-10-07T14:03:35.000Z
52.513935, 13.408883, 520, 2019-10-07T14:03:36.000Z
52.513931, 13.408883, 524, 2019-10-07T14:03:37.000Z
52.513931, 13.408881, 527, 2019-10-07T14:03:38.000Z
52.513935, 13.408880, 530, 2019-10-07T14:03:39.000Z
52.513935, 13.408879, 542, 2019-10-07T14:03:40.000Z
52.513935, 13.408878, 531, 2019-10-07T14:03:41.000Z
52.513935, 13.408878, 524, 2019-10-07T14:03:42.000Z
52.513938, 13.408879, 530, 2019-10-07T14:03:43.000Z
52.513938, 13.408879, 542, 2019-10-07T14:03:44.000Z
52.513938, 13.408881, 542, 2019-10-07T14:03:45.000Z
52.513938, 13.408885, 537, 2019-10-07T14:03:46.000Z
52.513938, 13.408887, 527, 2019-10-07T14:03:47.000Z
52.513938, 13.408890, 530, 2019-10-07T14:03:48.000Z
52.513942, 13.408891, 529, 2019-10-07T14:03:49.000Z
52.513938, 13.408891, 526, 2019-10-07T14:03:50.000Z
52.513938, 13.408895, 531, 2019-10-07T14:03:51.000Z
52.513942, 13.408895, 529, 2019-10-07T14:03:52.000Z
52.513942, 13.408898, 528, 2019-10-07T14:03:53.000Z
52.513942, 13.408900, 552, 2019-10-07T14:03:54.000Z
52.513942, 13.408901, 537, 2019-10-07T14:03:55.000Z
52.513942, 13.408898, 533, 2019-10-07T14:03:56.000Z
52.513942, 13.408895, 535, 2019-10-07T14:03:57.000Z
52.513938, 13.408892, 536, 2019-10-07T14:03:58.000Z
52.513938, 13.408892, 537, 2019-10-07T14:03:59.000Z
52.513942, 13.408891, 532, 2019-10-07T14:04:00.000Z
52.513942, 13.408891, 531, 2019-10-07T14:04:01.000Z
52.513946, 13.408891, 531, 2019-10-07T14:04:02.000Z
52.513950, 13.408891, 535, 2019-10-07T14:04:03.000Z
52.513954, 13.408894, 565, 2019-10-07T14:04:04.000Z
52.513961, 13.408903, 583, 2019-10-07T14:04:05.000Z
52.513965, 13.408902, 536, 2019-10-07T14:04:06.000Z
52.513965, 13.408901, 523, 2019-10-07T14:04:07.000Z
52.513969, 13.408904, 530, 2019-10-07T14:04:08.000Z
52.513965, 13.408900, 530, 2019-10-07T14:04:09.000Z
52.513965, 13.408900, 534, 2019-10-07T14:04:10.000Z
52.513969, 13.408902, 538, 2019-10-07T14:04:11.000Z
52.513969, 13.408904, 565, 2019-10-07T14:04:12.000Z
52.513973, 13.408906, 577, 2019-10-07T14:04:13.000Z
52.513973, 13.408907, 545, 2019-10-07T14:04:14.000Z
52.513977, 13.408907, 575, 2019-10-07T14:04:15.000Z
52.513977, 13.408909, 537, 2019-10-07T14:04:16.000Z
52.513980, 13.408913, 533, 2019-10-07T14:04:17.000Z
52.513980, 13.408913, 548, 2019-10-07T14:04:18.000Z
52.513977, 13.408912, 530, 2019-10-07T14:04:19.000Z
52.513973, 13.408908, 526, 2019-10-07T14:04:20.000Z
52.513973, 13.408905, 532, 2019-10-07T14:04:21.000Z
52.513973, 13.408903, 538, 2019-10-07T14:04:22.000Z
52.513973, 13.408901, 531, 2019-10-07T14:04:23.000Z
52.513969, 13.408901, 533, 2019-10-07T14:04:24.000Z
52.513969, 13.408900, 527, 2019-10-07T14:04:25.000Z
52.513969, 13.408900, 521, 2019-10-07T14:04:26.000Z
52.513969, 13.408899, 526, 2019-10-07T14:04:27.000Z
52.513969, 13.408898, 529, 2019-10-07T14:04:28.000Z
52.513969, 13.408898, 539, 2019-10-07T14:04:29.000Z
52.513969, 13.408897, 539, 2019-10-07T14:04:30.000Z
52.513969, 13.408897, 530, 2019-10-07T14:04:31.000Z
52.513969, 13.408895, 526, 2019-10-07T14:04:32.000Z
52.513969, 13.408894, 556, 2019-10-07T14:04:33.000Z
52.513969, 13.408894, 537, 2019-10-07T14:04:34.000Z
52.513969, 13.408892, 531, 2019-10-07T14:04:35.000Z
52.513969, 13.408890, 531, 2019-10-07T14:04:36.000Z
52.513969, 13.408889, 532, 2019-10-07T14:04:37.000Z
52.513969, 13.408889, 532, 2019-10-07T14:04:38.000Z
52.513973, 13.408888, 526, 2019-10-07T14:04:39.000Z
52.513973, 13.408888, 530, 2019-10-07T14:04:40.000Z
52.513973, 13.408887, 523, 2019-10-07T14:04:41.000Z
52.513973, 13.408885, 521, 2019-10-07T14:04:42.000Z
52.513973, 13.408884, 519, 2019-10-07T14:04:43.000Z
52.513973, 13.408884, 536, 2019-10-07T14:04:44.000Z
52.513977, 13.408884, 526, 2019-10-07T14:04:45.000Z
52.513977, 13.408885, 526, 2019-10-07T14:04:46.000Z
52.513977, 13.408884, 543, 2019-10-07T14:04:47.000Z
52.513980, 13.408882, 526, 2019-10-07T14:04:48.000Z
52.513980, 13.408882, 523, 2019-10-07T14:04:49.000Z
52.513980, 13.408881, 525, 2019-10-07T14:04:50.000Z
52.513980, 13.408880, 523, 2019-10-07T14:04:51.000Z
52.513977, 13.408879, 516, 2019-10-07T14:04:52.000Z
52.513984, 13.408881, 522, 2019-10-07T14:04:53.000Z
52.513984, 13.408883, 528, 2019-10-07T14:04:54.000Z
52.513984, 13.408884, 526, 2019-10-07T14:04:55.000Z
52.513984, 13.408882, 518, 2019-10-07T14:04:56.000Z
52.513980, 13.408879, 512, 2019-10-07T14:04:57.000Z
52.513984, 13.408876, 512, 2019-10-07T14:04:58.000Z
52.513984, 13.408871, 513, 2019-10-07T14:04:59.000Z
52.513984, 13.408877, 514, 2019-10-07T14:05:00.000Z
52.513984, 13.408872, 526, 2019-10-07T14:05:01.000Z
52.513977, 13.408871, 514, 2019-10-07T14:05:02.000Z
52.513973, 13.408873, 511, 2019-10-07T14:05:03.000Z
52.513969, 13.408879, 512, 2019-10-07T14:05:04.000Z
52.513950, 13.408895, 507, 2019-10-07T14:05:05.000Z
52.513950, 13.408890, 508, 2019-10-07T14:05:06.000Z
52.513950, 13.408890, 506, 2019-10-07T14:05:07.000Z
52.513950, 13.408890, 500, 2019-10-07T14:05:08.000Z
52.513942, 13.408899, 500, 2019-10-07T14:05:09.000Z
52.513946, 13.408894, 511, 2019-10-07T14:05:10.000Z
52.513942, 13.408892, 509, 2019-10-07T14:05:11.000Z
52.513942, 13.408893, 517, 2019-10-07T14:05:12.000Z
52.513931, 13.408905, 514, 2019-10-07T14:05:13.000Z
52.513927, 13.408900, 514, 2019-10-07T14:05:14.000Z
52.513923, 13.408902, 508, 2019-10-07T14:05:15.000Z
52.513916, 13.408900, 505, 2019-10-07T14:05:16.000Z
52.513916, 13.408892, 501, 2019-10-07T14:05:17.000Z
52.513919, 13.408876, 502, 2019-10-07T14:05:18.000Z
52.513927, 13.408859, 506, 2019-10-07T14:05:19.000Z
52.513912, 13.408867, 502, 2019-10-07T14:05:20.000Z
52.513904, 13.408864, 498, 2019-10-07T14:05:21.000Z
52.513896, 13.408870, 505, 2019-10-07T14:05:22.000Z
52.513889, 13.408865, 502, 2019-10-07T14:05:23.000Z
52.513889, 13.408862, 492, 2019-10-07T14:05:24.000Z
52.513881, 13.408863, 482, 2019-10-07T14:05:25.000Z
52.513881, 13.408844, 479, 2019-10-07T14:05:26.000Z
52.513889, 13.408833, 482, 2019-10-07T14:05:27.000Z
52.513889, 13.408848, 476, 2019-10-07T14:05:28.000Z
52.513885, 13.408842, 461, 2019-10-07T14:05:29.000Z
52.513885, 13.408835, 461, 2019-10-07T14:05:30.000Z
52.513889, 13.408824, 445, 2019-10-07T14:05:31.000Z
52.513889, 13.408824, 431, 2019-10-07T14:05:31.000Z
52.513889, 13.408824, 421, 2019-10-07T14:05:31.000Z
52.513889, 13.408824, 415, 2019-10-07T14:05:31.000Z
52.513889, 13.408824, 397, 2019-10-07T14:05:31.000Z
52.513889, 13.408824, 384, 2019-10-07T14:05:31.000Z
52.513889, 13.408824, 361, 2019-10-07T14:05:31.000Z
52.513889, 13.408824, 353, 2019-10-07T14:05:31.000Z
52.513889, 13.408824, 335, 2019-10-07T14:05:31.000Z
52.513889, 13.408824, 327, 2019-10-07T14:05:31.000Z
52.513889, 13.408824, 395, 2019-10-07T14:05:31.000Z
52.513889, 13.408824, 373, 2019-10-07T14:05:31.000Z
52.513889, 13.408824, 350, 2019-10-07T14:05:31.000Z
52.513889, 13.408824, 332, 2019-10-07T14:05:31.000Z
52.513889, 13.408824, 321, 2019-10-07T14:05:31.000Z
52.513889, 13.408824, 307, 2019-10-07T14:05:31.000Z
52.513889, 13.408824, 297, 2019-10-07T14:05:31.000Z
52.513889, 13.408824, 289, 2019-10-07T14:05:31.000Z
52.513889, 13.408824, 287, 2019-10-07T14:05:31.000Z
52.513900, 13.408818, 288, 2019-10-07T14:05:50.000Z
52.513893, 13.408832, 289, 2019-10-07T14:05:51.000Z
52.513896, 13.408835, 282, 2019-10-07T14:05:52.000Z
52.513896, 13.408836, 278, 2019-10-07T14:05:53.000Z
52.513896, 13.408826, 277, 2019-10-07T14:05:54.000Z
52.513900, 13.408844, 279, 2019-10-07T14:05:55.000Z
52.513896, 13.408866, 276, 2019-10-07T14:05:56.000Z
52.513896, 13.408866, 274, 2019-10-07T14:05:56.000Z
52.513896, 13.408866, 274, 2019-10-07T14:05:56.000Z
52.513896, 13.408866, 279, 2019-10-07T14:05:56.000Z
52.513896, 13.408866, 276, 2019-10-07T14:05:56.000Z
52.513896, 13.408866, 275, 2019-10-07T14:05:56.000Z
52.513896, 13.408866, 273, 2019-10-07T14:05:56.000Z
52.513942, 13.408928, 275, 2019-10-07T14:06:03.000Z
52.513992, 13.408879, 274, 2019-10-07T14:06:04.000Z
52.514019, 13.408849, 272, 2019-10-07T14:06:05.000Z
52.514019, 13.408849, 271, 2019-10-07T14:06:05.000Z
52.514019, 13.408849, 269, 2019-10-07T14:06:05.000Z
52.514019, 13.408849, 271, 2019-10-07T14:06:05.000Z
52.514019, 13.408849, 270, 2019-10-07T14:06:05.000Z
52.513931, 13.408548, 268, 2019-10-07T14:06:10.000Z
52.513916, 13.408334, 270, 2019-10-07T14:06:11.000Z
52.513938, 13.408234, 269, 2019-10-07T14:06:12.000Z
52.513973, 13.408197, 274, 2019-10-07T14:06:13.000Z
52.513996, 13.408154, 273, 2019-10-07T14:06:14.000Z
52.514022, 13.408121, 270, 2019-10-07T14:06:15.000Z
52.514053, 13.408074, 268, 2019-10-07T14:06:16.000Z
52.514072, 13.408035, 270, 2019-10-07T14:06:17.000Z
52.514095, 13.408000, 270, 2019-10-07T14:06:18.000Z
52.514110, 13.407973, 272, 2019-10-07T14:06:19.000Z
52.514129, 13.407932, 270, 2019-10-07T14:06:20.000Z
52.514152, 13.407894, 275, 2019-10-07T14:06:21.000Z
52.514175, 13.407856, 271, 2019-10-07T14:06:22.000Z
52.514186, 13.407839, 271, 2019-10-07T14:06:23.000Z
52.514217, 13.407821, 273, 2019-10-07T14:06:24.000Z
52.514228, 13.407826, 270, 2019-10-07T14:06:25.000Z
52.514247, 13.407808, 271, 2019-10-07T14:06:26.000Z
52.514263, 13.407807, 270, 2019-10-07T14:06:27.000Z
52.514278, 13.407799, 270, 2019-10-07T14:06:28.000Z
52.514297, 13.407791, 270, 2019-10-07T14:06:29.000Z
52.514305, 13.407779, 270, 2019-10-07T14:06:30.000Z
52.514316, 13.407768, 269, 2019-10-07T14:06:31.000Z
52.514316, 13.407754, 270, 2019-10-07T14:06:32.000Z
52.514335, 13.407730, 270, 2019-10-07T14:06:33.000Z
52.514350, 13.407701, 269, 2019-10-07T14:06:34.000Z
52.514366, 13.407691, 271, 2019-10-07T14:06:35.000Z
52.514385, 13.407671, 269, 2019-10-07T14:06:36.000Z
52.514392, 13.407659, 271, 2019-10-07T14:06:37.000Z
52.514400, 13.407650, 270, 2019-10-07T14:06:38.000Z
52.514408, 13.407638, 272, 2019-10-07T14:06:39.000Z
52.514411, 13.407629, 269, 2019-10-07T14:06:40.000Z
52.514415, 13.407623, 270, 2019-10-07T14:06:41.000Z
52.514419, 13.407616, 271, 2019-10-07T14:06:42.000Z
52.514423, 13.407609, 270, 2019-10-07T14:06:43.000Z
52.514430, 13.407604, 270, 2019-10-07T14:06:44.000Z
52.514434, 13.407596, 270, 2019-10-07T14:06:45.000Z
52.514442, 13.407587, 269, 2019-10-07T14:06:46.000Z
52.514446, 13.407579, 271, 2019-10-07T14:06:47.000Z
52.514446, 13.407571, 270, 2019-10-07T14:06:48.000Z
52.514457, 13.407567, 270, 2019-10-07T14:06:49.000Z
52.514457, 13.407563, 271, 2019-10-07T14:06:50.000Z
52.514457, 13.407564, 270, 2019-10-07T14:06:51.000Z
52.514461, 13.407566, 270, 2019-10-07T14:06:52.000Z
52.514465, 13.407567, 272, 2019-10-07T14:06:53.000Z
52.514465, 13.407566, 271, 2019-10-07T14:06:54.000Z
52.514465, 13.407564, 272, 2019-10-07T14:06:55.000Z
52.514465, 13.407562, 271, 2019-10-07T14:06:56.000Z
52.514469, 13.407560, 272, 2019-10-07T14:06:57.000Z
52.514469, 13.407557, 271, 2019-10-07T14:06:58.000Z
52.514469, 13.407553, 273, 2019-10-07T14:06:59.000Z
52.514472, 13.407546, 271, 2019-10-07T14:07:00.000Z
52.514472, 13.407540, 271, 2019-10-07T14:07:01.000Z
52.514476, 13.407533, 270, 2019-10-07T14:07:02.000Z
52.514480, 13.407526, 271, 2019-10-07T14:07:03.000Z
52.514480, 13.407524, 272, 2019-10-07T14:07:04.000Z
52.514480, 13.407523, 272, 2019-10-07T14:07:05.000Z
52.514480, 13.407523, 271, 2019-10-07T14:07:06.000Z
52.514484, 13.407522, 271, 2019-10-07T14:07:07.000Z
52.514484, 13.407521, 277, 2019-10-07T14:07:08.000Z
52.514488, 13.407520, 275, 2019-10-07T14:07:09.000Z
52.514488, 13.407518, 280, 2019-10-07T14:07:10.000Z
52.514488, 13.407514, 278, 2019-10-07T14:07:11.000Z
52.514492, 13.407515, 272, 2019-10-07T14:07:12.000Z
52.514484, 13.407542, 266, 2019-10-07T14:07:13.000Z
52.514476, 13.407570, 273, 2019-10-07T14:07:14.000Z
52.514469, 13.407596, 270, 2019-10-07T14:07:15.000Z
52.514465, 13.407616, 273, 2019-10-07T14:07:16.000Z
52.514465, 13.407608, 271, 2019-10-07T14:07:17.000Z
52.514469, 13.407603, 270, 2019-10-07T14:07:18.000Z
52.514472, 13.407595, 275, 2019-10-07T14:07:19.000Z
52.514472, 13.407589, 271, 2019-10-07T14:07:20.000Z
52.514476, 13.407582, 271, 2019-10-07T14:07:21.000Z
52.514480, 13.407571, 270, 2019-10-07T14:07:22.000Z
52.514480, 13.407566, 271, 2019-10-07T14:07:23.000Z
52.514480, 13.407560, 272, 2019-10-07T14:07:24.000Z
52.514488, 13.407559, 270, 2019-10-07T14:07:25.000Z
52.514488, 13.407561, 270, 2019-10-07T14:07:26.000Z
52.514492, 13.407563, 272, 2019-10-07T14:07:27.000Z
52.514495, 13.407560, 273, 2019-10-07T14:07:28.000Z
52.514488, 13.407587, 270, 2019-10-07T14:07:29.000Z
52.514476, 13.407614, 270, 2019-10-07T14:07:30.000Z
52.514469, 13.407650, 270, 2019-10-07T14:07:31.000Z
52.514461, 13.407688, 270, 2019-10-07T14:07:32.000Z
52.514453, 13.407714, 272, 2019-10-07T14:07:33.000Z
52.514446, 13.407736, 270, 2019-10-07T14:07:34.000Z
52.514438, 13.407760, 270, 2019-10-07T14:07:35.000Z
52.514430, 13.407788, 268, 2019-10-07T14:07:36.000Z
52.514427, 13.407811, 269, 2019-10-07T14:07:37.000Z
52.514419, 13.407835, 270, 2019-10-07T14:07:38.000Z
52.514415, 13.407866, 271, 2019-10-07T14:07:39.000Z
52.514400, 13.407897, 273, 2019-10-07T14:07:40.000Z
52.514400, 13.407917, 271, 2019-10-07T14:07:41.000Z
52.514392, 13.407941, 270, 2019-10-07T14:07:42.000Z
52.514377, 13.407980, 270, 2019-10-07T14:07:43.000Z
52.514362, 13.408019, 270, 2019-10-07T14:07:44.000Z
52.514347, 13.408065, 269, 2019-10-07T14:07:45.000Z
52.514335, 13.408096, 270, 2019-10-07T14:07:46.000Z
52.514328, 13.408121, 270, 2019-10-07T14:07:47.000Z
52.514312, 13.408151, 272, 2019-10-07T14:07:48.000Z
52.514301, 13.408178, 270, 2019-10-07T14:07:49.000Z
52.514282, 13.408212, 271, 2019-10-07T14:07:50.000Z
52.514266, 13.408254, 270, 2019-10-07T14:07:51.000Z
52.514255, 13.408297, 274, 2019-10-07T14:07:52.000Z
52.514247, 13.408333, 273, 2019-10-07T14:07:53.000Z
52.514232, 13.408366, 270, 2019-10-07T14:07:54.000Z
52.514213, 13.408409, 274, 2019-10-07T14:07:55.000Z
52.514198, 13.408456, 270, 2019-10-07T14:07:56.000Z
52.514190, 13.408481, 270, 2019-10-07T14:07:57.000Z
52.514175, 13.408514, 269, 2019-10-07T14:07:58.000Z
52.514160, 13.408551, 270, 2019-10-07T14:07:59.000Z
52.514152, 13.408575, 271, 2019-10-07T14:08:00.000Z
52.514141, 13.408611, 273, 2019-10-07T14:08:01.000Z
52.514133, 13.408633, 271, 2019-10-07T14:08:02.000Z
52.514118, 13.408648, 270, 2019-10-07T14:08:03.000Z
52.514110, 13.408661, 271, 2019-10-07T14:08:04.000Z
52.514102, 13.408671, 271, 2019-10-07T14:08:05.000Z
52.514095, 13.408693, 269, 2019-10-07T14:08:06.000Z
52.514083, 13.408716, 270, 2019-10-07T14:08:07.000Z
52.514076, 13.408732, 269, 2019-10-07T14:08:08.000Z
52.514072, 13.408740, 270, 2019-10-07T14:08:09.000Z
52.514068, 13.408741, 270, 2019-10-07T14:08:10.000Z
52.514072, 13.408739, 271, 2019-10-07T14:08:11.000Z
52.514064, 13.408744, 272, 2019-10-07T14:08:12.000Z
52.514064, 13.408754, 271, 2019-10-07T14:08:13.000Z
52.514060, 13.408763, 271, 2019-10-07T14:08:14.000Z
52.514053, 13.408770, 274, 2019-10-07T14:08:15.000Z
52.514057, 13.408764, 272, 2019-10-07T14:08:16.000Z
52.514057, 13.408760, 273, 2019-10-07T14:08:17.000Z
52.514053, 13.408760, 272, 2019-10-07T14:08:18.000Z
52.514053, 13.408757, 272, 2019-10-07T14:08:19.000Z
52.514045, 13.408756, 273, 2019-10-07T14:08:20.000Z
52.514041, 13.408773, 273, 2019-10-07T14:08:21.000Z
52.514034, 13.408786, 273, 2019-10-07T14:08:22.000Z
52.514034, 13.408779, 272, 2019-10-07T14:08:23.000Z
52.514030, 13.408786, 272, 2019-10-07T14:08:24.000Z
52.514030, 13.408802, 271, 2019-10-07T14:08:25.000Z
52.514030, 13.408808, 273, 2019-10-07T14:08:26.000Z
52.514030, 13.408806, 272, 2019-10-07T14:08:27.000Z
52.514030, 13.408812, 274, 2019-10-07T14:08:28.000Z
52.514030, 13.408817, 271, 2019-10-07T14:08:29.000Z
52.514030, 13.408819, 270, 2019-10-07T14:08:30.000Z
52.514030, 13.408824, 272, 2019-10-07T14:08:31.000Z
52.514026, 13.408831, 271, 2019-10-07T14:08:32.000Z
52.514026, 13.408830, 273, 2019-10-07T14:08:33.000Z
52.514022, 13.408832, 272, 2019-10-07T14:08:34.000Z
52.514022, 13.408831, 272, 2019-10-07T14:08:35.000Z
52.514022, 13.408825, 273, 2019-10-07T14:08:36.000Z
52.514022, 13.408820, 275, 2019-10-07T14:08:37.000Z
52.514019, 13.408828, 273, 2019-10-07T14:08:38.000Z
52.514022, 13.408816, 274, 2019-10-07T14:08:39.000Z
52.514022, 13.408811, 274, 2019-10-07T14:08:40.000Z
52.514022, 13.408817, 273, 2019-10-07T14:08:41.000Z
52.514011, 13.408835, 274, 2019-10-07T14:08:42.000Z
52.514011, 13.408833, 275, 2019-10-07T14:08:43.000Z
52.514003, 13.408843, 275, 2019-10-07T14:08:44.000Z
52.513999, 13.408850, 273, 2019-10-07T14:08:45.000Z
52.513992, 13.408866, 273, 2019-10-07T14:08:46.000Z
52.513984, 13.408876, 273, 2019-10-07T14:08:47.000Z
52.513984, 13.408872, 272, 2019-10-07T14:08:48.000Z
52.513984, 13.408864, 273, 2019-10-07T14:08:49.000Z
52.513984, 13.408868, 273, 2019-10-07T14:08:50.000Z
52.513984, 13.408864, 273, 2019-10-07T14:08:51.000Z
52.513984, 13.408854, 271, 2019-10-07T14:08:52.000Z
52.513984, 13.408851, 272, 2019-10-07T14:08:53.000Z
52.513984, 13.408851, 273, 2019-10-07T14:08:54.000Z
52.513984, 13.408854, 272, 2019-10-07T14:08:55.000Z
52.513984, 13.408857, 272, 2019-10-07T14:08:56.000Z
52.513980, 13.408858, 274, 2019-10-07T14:08:57.000Z
52.513984, 13.408850, 273, 2019-10-07T14:08:58.000Z
52.513984, 13.408843, 278, 2019-10-07T14:08:59.000Z
52.513977, 13.408850, 286, 2019-10-07T14:09:00.000Z
52.513977, 13.408851, 273, 2019-10-07T14:09:01.000Z
52.513973, 13.408860, 270, 2019-10-07T14:09:02.000Z
52.513977, 13.408851, 272, 2019-10-07T14:09:03.000Z
52.513977, 13.408843, 271, 2019-10-07T14:09:04.000Z
52.513973, 13.408845, 270, 2019-10-07T14:09:05.000Z
52.513984, 13.408803, 273, 2019-10-07T14:09:06.000Z
52.513996, 13.408779, 271, 2019-10-07T14:09:07.000Z
52.513996, 13.408784, 283, 2019-10-07T14:09:08.000Z
52.513999, 13.408782, 273, 2019-10-07T14:09:09.000Z
52.513999, 13.408778, 275, 2019-10-07T14:09:10.000Z
52.513999, 13.408786, 272, 2019-10-07T14:09:11.000Z
52.513999, 13.408780, 272, 2019-10-07T14:09:12.000Z
52.513992, 13.408804, 271, 2019-10-07T14:09:13.000Z
52.513992, 13.408800, 275, 2019-10-07T14:09:14.000Z
52.513988, 13.408814, 274, 2019-10-07T14:09:15.000Z
52.513984, 13.408818, 275, 2019-10-07T14:09:16.000Z
52.513977, 13.408842, 275, 2019-10-07T14:09:17.000Z
52.513969, 13.408850, 276, 2019-10-07T14:09:18.000Z
52.513969, 13.408843, 278, 2019-10-07T14:09:19.000Z
52.513961, 13.408861, 278, 2019-10-07T14:09:20.000Z
52.513950, 13.408878, 288, 2019-10-07T14:09:21.000Z
52.513938, 13.408891, 283, 2019-10-07T14:09:22.000Z
52.513942, 13.408874, 274, 2019-10-07T14:09:23.000Z
52.513942, 13.408874, 273, 2019-10-07T14:09:24.000Z
52.513938, 13.408877, 277, 2019-10-07T14:09:25.000Z
52.513927, 13.408898, 278, 2019-10-07T14:09:26.000Z
52.513919, 13.408911, 274, 2019-10-07T14:09:27.000Z
52.513919, 13.408911, 275, 2019-10-07T14:09:27.000Z
52.513919, 13.408911, 272, 2019-10-07T14:09:27.000Z
52.513919, 13.408911, 273, 2019-10-07T14:09:27.000Z
52.513919, 13.408911, 276, 2019-10-07T14:09:27.000Z
52.513919, 13.408911, 272, 2019-10-07T14:09:27.000Z
52.513904, 13.408941, 273, 2019-10-07T14:09:33.000Z
52.513904, 13.408936, 276, 2019-10-07T14:09:34.000Z
52.513893, 13.408962, 276, 2019-10-07T14:09:35.000Z
52.513870, 13.408998, 275, 2019-10-07T14:09:36.000Z
52.513862, 13.409008, 275, 2019-10-07T14:09:37.000Z
52.513858, 13.409014, 276, 2019-10-07T14:09:38.000Z
52.513854, 13.409029, 276, 2019-10-07T14:09:39.000Z
52.513858, 13.409017, 280, 2019-10-07T14:09:40.000Z
52.513851, 13.409035, 285, 2019-10-07T14:09:41.000Z
52.513851, 13.409030, 279, 2019-10-07T14:09:42.000Z
52.513847, 13.409042, 274, 2019-10-07T14:09:43.000Z
52.513847, 13.409037, 279, 2019-10-07T14:09:44.000Z
52.513847, 13.409037, 281, 2019-10-07T14:09:45.000Z
52.513847, 13.409029, 282, 2019-10-07T14:09:46.000Z
52.513843, 13.409028, 279, 2019-10-07T14:09:47.000Z
52.513839, 13.409031, 277, 2019-10-07T14:09:48.000Z
52.513832, 13.409038, 279, 2019-10-07T14:09:49.000Z
52.513832, 13.409047, 279, 2019-10-07T14:09:50.000Z
52.513832, 13.409035, 280, 2019-10-07T14:09:51.000Z
52.513839, 13.409026, 276, 2019-10-07T14:09:52.000Z
52.513854, 13.408995, 278, 2019-10-07T14:09:53.000Z
52.513858, 13.408990, 277, 2019-10-07T14:09:54.000Z
52.513858, 13.408996, 277, 2019-10-07T14:09:55.000Z
52.513866, 13.408991, 275, 2019-10-07T14:09:56.000Z
52.513870, 13.408991, 277, 2019-10-07T14:09:57.000Z
52.513866, 13.409008, 276, 2019-10-07T14:09:58.000Z
52.513858, 13.409028, 276, 2019-10-07T14:09:59.000Z
52.513870, 13.409037, 272, 2019-10-07T14:10:00.000Z
52.513870, 13.409041, 274, 2019-10-07T14:10:01.000Z
52.513866, 13.409048, 273, 2019-10-07T14:10:02.000Z
52.513870, 13.409025, 276, 2019-10-07T14:10:03.000Z
52.513877, 13.409000, 272, 2019-10-07T14:10:04.000Z
52.513877, 13.409004, 273, 2019-10-07T14:10:05.000Z
52.513870, 13.409006, 272, 2019-10-07T14:10:06.000Z
52.513881, 13.408990, 273, 2019-10-07T14:10:07.000Z
52.513877, 13.408987, 278, 2019-10-07T14:10:08.000Z
52.513881, 13.408963, 279, 2019-10-07T14:10:09.000Z
52.513881, 13.408960, 279, 2019-10-07T14:10:10.000Z
52.513889, 13.408949, 282, 2019-10-07T14:10:11.000Z
52.513881, 13.408941, 279, 2019-10-07T14:10:12.000Z
52.513877, 13.408945, 288, 2019-10-07T14:10:13.000Z
52.513877, 13.408948, 279, 2019-10-07T14:10:14.000Z
52.513866, 13.408954, 278, 2019-10-07T14:10:15.000Z
52.513866, 13.408931, 290, 2019-10-07T14:10:16.000Z
52.513854, 13.408927, 280, 2019-10-07T14:10:17.000Z
52.513847, 13.408955, 276, 2019-10-07T14:10:18.000Z
52.513851, 13.408952, 282, 2019-10-07T14:10:19.000Z
52.513851, 13.408963, 278, 2019-10-07T14:10:20.000Z
52.513839, 13.408974, 279, 2019-10-07T14:10:21.000Z
52.513832, 13.408965, 289, 2019-10-07T14:10:22.000Z
52.513862, 13.408885, 279, 2019-10-07T14:10:23.000Z
52.513870, 13.408847, 277, 2019-10-07T14:10:24.000Z
52.513881, 13.408833, 279, 2019-10-07T14:10:25.000Z
52.513881, 13.408836, 281, 2019-10-07T14:10:26.000Z
52.513870, 13.408843, 281, 2019-10-07T14:10:27.000Z
52.513885, 13.408831, 279, 2019-10-07T14:10:28.000Z
52.513889, 13.408822, 279, 2019-10-07T14:10:29.000Z
52.513904, 13.408792, 279, 2019-10-07T14:10:30.000Z
52.513912, 13.408787, 282, 2019-10-07T14:10:31.000Z
52.513896, 13.408824, 278, 2019-10-07T14:10:32.000Z
52.513889, 13.408842, 277, 2019-10-07T14:10:33.000Z
52.513885, 13.408861, 278, 2019-10-07T14:10:34.000Z
52.513877, 13.408880, 277, 2019-10-07T14:10:35.000Z
52.513870, 13.408901, 276, 2019-10-07T14:10:36.000Z
52.513862, 13.408919, 276, 2019-10-07T14:10:37.000Z
52.513858, 13.408940, 277, 2019-10-07T14:10:38.000Z
52.513843, 13.408969, 284, 2019-10-07T14:10:39.000Z
52.513847, 13.408975, 277, 2019-10-07T14:10:40.000Z
52.513847, 13.408967, 276, 2019-10-07T14:10:41.000Z
52.513847, 13.408972, 277, 2019-10-07T14:10:42.000Z
52.513847, 13.408972, 279, 2019-10-07T14:10:42.000Z
52.513847, 13.408972, 278, 2019-10-07T14:10:42.000Z
52.513847, 13.408972, 276, 2019-10-07T14:10:42.000Z
52.513847, 13.408972, 279, 2019-10-07T14:10:42.000Z
52.513847, 13.408972, 279, 2019-10-07T14:10:42.000Z
52.513847, 13.408972, 276, 2019-10-07T14:10:42.000Z
52.513847, 13.408972, 276, 2019-10-07T14:10:42.000Z
52.513847, 13.408972, 278, 2019-10-07T14:10:42.000Z
52.513847, 13.408972, 288, 2019-10-07T14:10:42.000Z
52.513847, 13.408972, 276, 2019-10-07T14:10:42.000Z
52.513847, 13.408972, 276, 2019-10-07T14:10:42.000Z
52.513847, 13.408972, 278, 2019-10-07T14:10:42.000Z
52.513847, 13.408972, 279, 2019-10-07T14:10:42.000Z
52.513847, 13.408972, 274, 2019-10-07T14:10:42.000Z
52.513847, 13.408972, 269, 2019-10-07T14:10:42.000Z
52.513847, 13.408972, 276, 2019-10-07T14:10:42.000Z
52.513847, 13.408972, 279, 2019-10-07T14:10:42.000Z
52.513847, 13.408972, 291, 2019-10-07T14:10:42.000Z
52.513847, 13.408972, 275, 2019-10-07T14:10:42.000Z
52.513847, 13.408972, 269, 2019-10-07T14:10:42.000Z
52.513847, 13.408972, 280, 2019-10-07T14:10:42.000Z
52.513847, 13.408972, 276, 2019-10-07T14:10:42.000Z
52.513847, 13.408972, 379, 2019-10-07T14:10:42.000Z
52.513847, 13.408972, 360, 2019-10-07T14:10:42.000Z
52.513847, 13.408972, 459, 2019-10-07T14:10:42.000Z
52.513847, 13.408972, 440, 2019-10-07T14:10:42.000Z
52.513847, 13.408972, 438, 2019-10-07T14:10:42.000Z
52.513847, 13.408972, 481, 2019-10-07T14:10:42.000Z
52.513847, 13.408972, 482, 2019-10-07T14:10:42.000Z
52.513847, 13.408972, 482, 2019-10-07T14:10:42.000Z
52.513847, 13.408972, 432, 2019-10-07T14:10:42.000Z
52.513847, 13.408972, 439, 2019-10-07T14:10:42.000Z
52.513847, 13.408972, 560, 2019-10-07T14:10:42.000Z
52.513847, 13.408972, 441, 2019-10-07T14:10:42.000Z
52.513847, 13.408972, 355, 2019-10-07T14:10:42.000Z
52.513847, 13.408972, 298, 2019-10-07T14:10:42.000Z
52.513847, 13.408972, 334, 2019-10-07T14:10:42.000Z
52.513847, 13.408972, 508, 2019-10-07T14:10:42.000Z
52.513847, 13.408972, 474, 2019-10-07T14:10:42.000Z
52.513847, 13.408972, 492, 2019-10-07T14:10:42.000Z
52.513847, 13.408972, 505, 2019-10-07T14:10:42.000Z
52.513847, 13.408972, 491, 2019-10-07T14:10:42.000Z
52.513847, 13.408972, 491, 2019-10-07T14:10:42.000Z
52.513847, 13.408972, 481, 2019-10-07T14:10:42.000Z
52.513847, 13.408972, 474, 2019-10-07T14:10:42.000Z
52.513847, 13.408972, 462, 2019-10-07T14:10:42.000Z
52.513847, 13.408972, 447, 2019-10-07T14:10:42.000Z
52.513847, 13.408972, 428, 2019-10-07T14:10:42.000Z
52.513847, 13.408972, 440, 2019-10-07T14:10:42.000Z
52.513847, 13.408972, 492, 2019-10-07T14:10:42.000Z
52.513847, 13.408972, 468, 2019-10-07T14:10:42.000Z
52.513847, 13.408972, 493, 2019-10-07T14:10:42.000Z
52.513847, 13.408972, 452, 2019-10-07T14:10:42.000Z
52.513847, 13.408972, 475, 2019-10-07T14:10:42.000Z
52.513847, 13.408972, 432, 2019-10-07T14:10:42.000Z
52.513847, 13.408972, 466, 2019-10-07T14:10:42.000Z
52.513847, 13.408972, 464, 2019-10-07T14:10:42.000Z
52.513847, 13.408972, 492, 2019-10-07T14:10:42.000Z
52.513847, 13.408972, 473, 2019-10-07T14:10:42.000Z
52.513847, 13.408972, 426, 2019-10-07T14:10:42.000Z
52.513847, 13.408972, 421, 2019-10-07T14:10:42.000Z
52.513847, 13.408972, 435, 2019-10-07T14:10:42.000Z
52.513847, 13.408972, 423, 2019-10-07T14:10:42.000Z
52.513847, 13.408972, 421, 2019-10-07T14:10:42.000Z
52.513847, 13.408972, 428, 2019-10-07T14:10:42.000Z
52.513847, 13.408972, 420, 2019-10-07T14:10:42.000Z
52.513847, 13.408972, 417, 2019-10-07T14:10:42.000Z
52.513847, 13.408972, 423, 2019-10-07T14:10:42.000Z
52.513847, 13.408972, 431, 2019-10-07T14:10:42.000Z
52.513847, 13.408972, 419, 2019-10-07T14:10:42.000Z
52.513847, 13.408972, 403, 2019-10-07T14:10:42.000Z
52.513847, 13.408972, 408, 2019-10-07T14:10:42.000Z
52.513847, 13.408972, 453, 2019-10-07T14:10:42.000Z
52.513847, 13.408972, 517, 2019-10-07T14:10:42.000Z
52.513847, 13.408972, 466, 2019-10-07T14:10:42.000Z
52.513847, 13.408972, 472, 2019-10-07T14:10:42.000Z
52.513847, 13.408972, 455, 2019-10-07T14:10:42.000Z
52.513847, 13.408972, 436, 2019-10-07T14:10:42.000Z
52.513847, 13.408972, 411, 2019-10-07T14:10:42.000Z
52.513847, 13.408972, 421, 2019-10-07T14:10:42.000Z
52.513847, 13.408972, 440, 2019-10-07T14:10:42.000Z
52.513847, 13.408972, 455, 2019-10-07T14:10:42.000Z
52.513847, 13.408972, 446, 2019-10-07T14:10:42.000Z
52.513847, 13.408972, 443, 2019-10-07T14:10:42.000Z
52.513847, 13.408972, 446, 2019-10-07T14:10:42.000Z
52.513847, 13.408972, 452, 2019-10-07T14:10:42.000Z
52.513847, 13.408972, 448, 2019-10-07T14:10:42.000Z
52.513847, 13.408972, 454, 2019-10-07T14:10:42.000Z
52.513847, 13.408972, 450, 2019-10-07T14:10:42.000Z
52.513847, 13.408972, 452, 2019-10-07T14:10:42.000Z
52.513847, 13.408972, 436, 2019-10-07T14:10:42.000Z
52.513847, 13.408972, 448, 2019-10-07T14:10:42.000Z
52.513847, 13.408972, 527, 2019-10-07T14:10:42.000Z
52.513847, 13.408972, 456, 2019-10-07T14:10:42.000Z
52.513847, 13.408972, 459, 2019-10-07T14:10:42.000Z
52.513847, 13.408972, 438, 2019-10-07T14:10:42.000Z
52.513847, 13.408972, 434, 2019-10-07T14:10:42.000Z
52.513847, 13.408972, 389, 2019-10-07T14:10:42.000Z
52.513847, 13.408972, 331, 2019-10-07T14:10:42.000Z
52.513847, 13.408972, 315, 2019-10-07T14:10:42.000Z
52.513847, 13.408972, 299, 2019-10-07T14:10:42.000Z
52.513847, 13.408972, 286, 2019-10-07T14:10:42.000Z
52.513847, 13.408972, 274, 2019-10-07T14:10:42.000Z
52.513847, 13.408972, 270, 2019-10-07T14:10:42.000Z
52.513847, 13.408972, 267, 2019-10-07T14:10:42.000Z
52.513847, 13.408972, 263, 2019-10-07T14:10:42.000Z
52.513847, 13.408972, 260, 2019-10-07T14:10:42.000Z
52.513847, 13.408972, 257, 2019-10-07T14:10:42.000Z
52.513847, 13.408972, 258, 2019-10-07T14:10:42.000Z
52.513847, 13.408972, 256, 2019-10-07T14:10:42.000Z
52.513847, 13.408972, 255, 2019-10-07T14:10:42.000Z
52.513847, 13.408972, 256, 2019-10-07T14:10:42.000Z
52.513847, 13.408972, 255, 2019-10-07T14:10:42.000Z
52.513847, 13.408972, 257, 2019-10-07T14:10:42.000Z
52.513847, 13.408972, 256, 2019-10-07T14:10:42.000Z
52.513847, 13.408972, 259, 2019-10-07T14:10:42.000Z
52.513847, 13.408972, 256, 2019-10-07T14:10:42.000Z
52.513847, 13.408972, 256, 2019-10-07T14:10:42.000Z
52.513847, 13.408972, 256, 2019-10-07T14:10:42.000Z
52.513847, 13.408972, 257, 2019-10-07T14:10:42.000Z
52.513847, 13.408972, 260, 2019-10-07T14:10:42.000Z
52.513847, 13.408972, 259, 2019-10-07T14:10:42.000Z
52.513847, 13.408972, 258, 2019-10-07T14:10:42.000Z
52.513847, 13.408972, 257, 2019-10-07T14:10:42.000Z
52.513847, 13.408972, 258, 2019-10-07T14:10:42.000Z
52.513847, 13.408972, 258, 2019-10-07T14:10:42.000Z
52.513847, 13.408972, 257, 2019-10-07T14:10:42.000Z
52.513847, 13.408972, 261, 2019-10-07T14:10:42.000Z
52.513847, 13.408972, 258, 2019-10-07T14:10:42.000Z
52.513847, 13.408972, 262, 2019-10-07T14:10:42.000Z
52.513847, 13.408972, 260, 2019-10-07T14:10:42.000Z
52.513847, 13.408972, 261, 2019-10-07T14:10:42.000Z
52.513847, 13.408972, 262, 2019-10-07T14:10:42.000Z
52.513847, 13.408972, 260, 2019-10-07T14:10:42.000Z
52.513847, 13.408972, 261, 2019-10-07T14:10:42.000Z
52.513847, 13.408972, 260, 2019-10-07T14:10:42.000Z
52.513847, 13.408972, 262, 2019-10-07T14:10:42.000Z
52.513847, 13.408972, 261, 2019-10-07T14:10:42.000Z
52.513847, 13.408972, 261, 2019-10-07T14:10:42.000Z
52.513847, 13.408972, 260, 2019-10-07T14:10:42.000Z
52.513847, 13.408972, 261, 2019-10-07T14:10:42.000Z
52.513847, 13.408972, 262, 2019-10-07T14:10:42.000Z
52.513847, 13.408972, 262, 2019-10-07T14:10:42.000Z
52.513847, 13.408972, 262, 2019-10-07T14:10:42.000Z
52.513847, 13.408972, 265, 2019-10-07T14:10:42.000Z
52.513847, 13.408972, 263, 2019-10-07T14:10:42.000Z
52.513847, 13.408972, 263, 2019-10-07T14:10:42.000Z
52.513847, 13.408972, 264, 2019-10-07T14:10:42.000Z
52.513847, 13.408972, 264, 2019-10-07T14:10:42.000Z
52.513847, 13.408972, 263, 2019-10-07T14:10:42.000Z
52.513847, 13.408972, 262, 2019-10-07T14:10:42.000Z
52.513847, 13.408972, 264, 2019-10-07T14:10:42.000Z
52.513847, 13.408972, 260, 2019-10-07T14:10:42.000Z
52.513847, 13.408972, 625, 2019-10-07T14:10:42.000Z
52.513847, 13.408972, 681, 2019-10-07T14:10:42.000Z
52.513847, 13.408972, 459, 2019-10-07T14:10:42.000Z
52.513847, 13.408972, 420, 2019-10-07T14:10:42.000Z
52.513847, 13.408972, 398, 2019-10-07T14:10:42.000Z
52.513847, 13.408972, 346, 2019-10-07T14:10:42.000Z
52.513847, 13.408972, 419, 2019-10-07T14:10:42.000Z
52.513847, 13.408972, 405, 2019-10-07T14:10:42.000Z
52.513847, 13.408972, 386, 2019-10-07T14:10:42.000Z
52.513847, 13.408972, 357, 2019-10-07T14:10:42.000Z
52.513847, 13.408972, 339, 2019-10-07T14:10:42.000Z
52.513847, 13.408972, 321, 2019-10-07T14:10:42.000Z
52.513847, 13.408972, 305, 2019-10-07T14:10:42.000Z
52.513847, 13.408972, 467, 2019-10-07T14:10:42.000Z
52.513847, 13.408972, 491, 2019-10-07T14:10:42.000Z
52.513847, 13.408972, 464, 2019-10-07T14:10:42.000Z
52.513847, 13.408972, 471, 2019-10-07T14:10:42.000Z
52.513847, 13.408972, 455, 2019-10-07T14:10:42.000Z
52.513847, 13.408972, 457, 2019-10-07T14:10:42.000Z
52.513847, 13.408972, 446, 2019-10-07T14:10:42.000Z
52.513847, 13.408972, 440, 2019-10-07T14:10:42.000Z
52.513847, 13.408972, 474, 2019-10-07T14:10:42.000Z
52.513847, 13.408972, 473, 2019-10-07T14:10:42.000Z
52.513847, 13.408972, 460, 2019-10-07T14:10:42.000Z
52.513847, 13.408972, 459, 2019-10-07T14:10:42.000Z
52.513847, 13.408972, 465, 2019-10-07T14:10:42.000Z
52.513847, 13.408972, 446, 2019-10-07T14:10:42.000Z
52.513847, 13.408972, 448, 2019-10-07T14:10:42.000Z
52.513847, 13.408972, 449, 2019-10-07T14:10:42.000Z
52.513847, 13.408972, 454, 2019-10-07T14:10:42.000Z
52.513847, 13.408972, 453, 2019-10-07T14:10:42.000Z
52.513847, 13.408972, 459, 2019-10-07T14:10:42.000Z
52.513847, 13.408972, 451, 2019-10-07T14:10:42.000Z
52.513847, 13.408972, 448, 2019-10-07T14:10:42.000Z
52.513847, 13.408972, 455, 2019-10-07T14:10:42.000Z
52.513847, 13.408972, 469, 2019-10-07T14:10:42.000Z
52.513847, 13.408972, 543, 2019-10-07T14:10:42.000Z
52.513847, 13.408972, 441, 2019-10-07T14:10:42.000Z
52.513847, 13.408972, 415, 2019-10-07T14:10:42.000Z
52.513847, 13.408972, 399, 2019-10-07T14:10:42.000Z
52.513847, 13.408972, 408, 2019-10-07T14:10:42.000Z
52.513847, 13.408972, 421, 2019-10-07T14:10:42.000Z
52.513847, 13.408972, 412, 2019-10-07T14:10:42.000Z
52.513847, 13.408972, 410, 2019-10-07T14:10:42.000Z
52.513847, 13.408972, 416, 2019-10-07T14:10:42.000Z
52.513847, 13.408972, 414, 2019-10-07T14:10:42.000Z
52.513847, 13.408972, 412, 2019-10-07T14:10:42.000Z
52.513847, 13.408972, 413, 2019-10-07T14:10:42.000Z
52.513847, 13.408972, 415, 2019-10-07T14:10:42.000Z
52.513847, 13.408972, 421, 2019-10-07T14:10:42.000Z
52.513847, 13.408972, 407, 2019-10-07T14:10:42.000Z
52.513847, 13.408972, 419, 2019-10-07T14:10:42.000Z
52.513847, 13.408972, 430, 2019-10-07T14:10:42.000Z
52.513847, 13.408972, 418, 2019-10-07T14:10:42.000Z
52.513847, 13.408972, 441, 2019-10-07T14:10:42.000Z
52.513847, 13.408972, 428, 2019-10-07T14:10:42.000Z
52.513847, 13.408972, 480, 2019-10-07T14:10:42.000Z
52.513847, 13.408972, 494, 2019-10-07T14:10:42.000Z
52.513847, 13.408972, 503, 2019-10-07T14:10:42.000Z
52.513847, 13.408972, 504, 2019-10-07T14:10:42.000Z
52.513847, 13.408972, 580, 2019-10-07T14:10:42.000Z
52.513847, 13.408972, 617, 2019-10-07T14:10:42.000Z
52.513847, 13.408972, 568, 2019-10-07T14:10:42.000Z
52.513847, 13.408972, 572, 2019-10-07T14:10:42.000Z
52.513847, 13.408972, 533, 2019-10-07T14:10:42.000Z
52.513847, 13.408972, 556, 2019-10-07T14:10:42.000Z
52.513847, 13.408972, 552, 2019-10-07T14:10:42.000Z
52.513847, 13.408972, 513, 2019-10-07T14:10:42.000Z
52.513847, 13.408972, 536, 2019-10-07T14:10:42.000Z
52.513847, 13.408972, 623, 2019-10-07T14:10:42.000Z
52.513847, 13.408972, 615, 2019-10-07T14:10:42.000Z
52.513847, 13.408972, 555, 2019-10-07T14:10:42.000Z
52.515350, 13.409969, 589, 2019-10-07T14:14:28.000Z
52.514934, 13.409295, 598, 2019-10-07T14:14:29.000Z
52.514579, 13.409084, 591, 2019-10-07T14:14:30.000Z
52.514553, 13.409169, 649, 2019-10-07T14:14:31.000Z
52.514537, 13.409222, 562, 2019-10-07T14:14:32.000Z
52.514537, 13.409290, 575, 2019-10-07T14:14:33.000Z
52.514526, 13.409338, 590, 2019-10-07T14:14:34.000Z
52.514526, 13.409405, 601, 2019-10-07T14:14:35.000Z
52.514381, 13.409135, 591, 2019-10-07T14:14:36.000Z
52.514301, 13.409017, 609, 2019-10-07T14:14:37.000Z
52.514232, 13.408912, 616, 2019-10-07T14:14:38.000Z
52.514167, 13.408838, 634, 2019-10-07T14:14:39.000Z
52.514091, 13.408750, 606, 2019-10-07T14:14:40.000Z
52.514003, 13.408642, 614, 2019-10-07T14:14:41.000Z
52.513977, 13.408624, 655, 2019-10-07T14:14:42.000Z
52.513961, 13.408651, 670, 2019-10-07T14:14:43.000Z
52.513942, 13.408683, 667, 2019-10-07T14:14:44.000Z
52.513927, 13.408694, 593, 2019-10-07T14:14:45.000Z
52.513908, 13.408712, 628, 2019-10-07T14:14:46.000Z
52.513889, 13.408738, 625, 2019-10-07T14:14:47.000Z
52.513862, 13.408762, 574, 2019-10-07T14:14:48.000Z
52.513843, 13.408806, 659, 2019-10-07T14:14:49.000Z
52.513889, 13.408673, 617, 2019-10-07T14:14:50.000Z
52.513912, 13.408591, 617, 2019-10-07T14:14:51.000Z
52.513931, 13.408522, 637, 2019-10-07T14:14:52.000Z
52.513942, 13.408467, 648, 2019-10-07T14:14:53.000Z
52.513961, 13.408404, 625, 2019-10-07T14:14:54.000Z
52.513977, 13.408365, 646, 2019-10-07T14:14:55.000Z
52.513984, 13.408325, 626, 2019-10-07T14:14:56.000Z
52.513992, 13.408284, 599, 2019-10-07T14:14:57.000Z
52.514007, 13.408244, 617, 2019-10-07T14:14:58.000Z
52.514015, 13.408211, 647, 2019-10-07T14:14:59.000Z
52.514022, 13.408188, 684, 2019-10-07T14:15:00.000Z
52.514026, 13.408162, 649, 2019-10-07T14:15:01.000Z
52.514034, 13.408123, 609, 2019-10-07T14:15:02.000Z
52.514045, 13.408102, 644, 2019-10-07T14:15:03.000Z
52.514049, 13.408082, 660, 2019-10-07T14:15:04.000Z
52.514057, 13.408066, 634, 2019-10-07T14:15:05.000Z
52.514057, 13.408066, 636, 2019-10-07T14:15:05.000Z
52.514057, 13.408066, 632, 2019-10-07T14:15:05.000Z
52.514022, 13.407980, 677, 2019-10-07T14:15:08.000Z
52.514015, 13.407897, 604, 2019-10-07T14:15:09.000Z
52.514011, 13.407851, 599, 2019-10-07T14:15:10.000Z
52.514011, 13.407851, 628, 2019-10-07T14:15:10.000Z
52.514011, 13.407851, 589, 2019-10-07T14:15:10.000Z
52.514011, 13.407851, 611, 2019-10-07T14:15:10.000Z
52.513977, 13.407748, 651, 2019-10-07T14:15:14.000Z
52.513977, 13.407748, 621, 2019-10-07T14:15:14.000Z
52.513977, 13.407748, 596, 2019-10-07T14:15:14.000Z
52.513977, 13.407748, 595, 2019-10-07T14:15:14.000Z
52.513977, 13.407748, 631, 2019-10-07T14:15:14.000Z
52.513977, 13.407748, 611, 2019-10-07T14:15:14.000Z
52.513977, 13.407748, 603, 2019-10-07T14:15:14.000Z
52.513969, 13.407857, 580, 2019-10-07T14:15:21.000Z
52.514041, 13.408067, 609, 2019-10-07T14:15:22.000Z
52.514171, 13.408202, 621, 2019-10-07T14:15:23.000Z
52.514190, 13.408338, 574, 2019-10-07T14:15:24.000Z
52.514190, 13.408338, 585, 2019-10-07T14:15:24.000Z
52.514190, 13.408338, 596, 2019-10-07T14:15:24.000Z
52.514190, 13.408338, 602, 2019-10-07T14:15:24.000Z
52.514190, 13.408338, 615, 2019-10-07T14:15:24.000Z
52.514190, 13.408338, 567, 2019-10-07T14:15:24.000Z
52.514190, 13.408338, 583, 2019-10-07T14:15:24.000Z
52.514190, 13.408338, 617, 2019-10-07T14:15:24.000Z
52.514190, 13.408338, 572, 2019-10-07T14:15:24.000Z
52.514190, 13.408338, 572, 2019-10-07T14:15:24.000Z
52.514190, 13.408338, 574, 2019-10-07T14:15:24.000Z
52.514190, 13.408338, 582, 2019-10-07T14:15:24.000Z
52.514190, 13.408338, 577, 2019-10-07T14:15:24.000Z
52.514190, 13.408338, 580, 2019-10-07T14:15:24.000Z
52.514190, 13.408338, 596, 2019-10-07T14:15:24.000Z
52.514190, 13.408338, 597, 2019-10-07T14:15:24.000Z
52.514190, 13.408338, 627, 2019-10-07T14:15:24.000Z
52.514190, 13.408338, 588, 2019-10-07T14:15:24.000Z
52.514530, 13.409030, 602, 2019-10-07T14:15:42.000Z
52.514545, 13.409043, 608, 2019-10-07T14:15:43.000Z
52.514545, 13.409043, 630, 2019-10-07T14:15:43.000Z
52.514545, 13.409043, 609, 2019-10-07T14:15:43.000Z
52.514545, 13.409043, 602, 2019-10-07T14:15:43.000Z
52.514545, 13.409043, 611, 2019-10-07T14:15:43.000Z
52.514545, 13.409043, 601, 2019-10-07T14:15:43.000Z
52.514545, 13.409043, 600, 2019-10-07T14:15:43.000Z
52.514785, 13.410048, 604, 2019-10-07T14:15:50.000Z
52.514766, 13.410074, 579, 2019-10-07T14:15:51.000Z
52.514747, 13.410105, 581, 2019-10-07T14:15:52.000Z
52.514724, 13.410145, 606, 2019-10-07T14:15:53.000Z
52.514694, 13.410133, 568, 2019-10-07T14:15:54.000Z
52.514675, 13.410125, 569, 2019-10-07T14:15:55.000Z
52.514648, 13.410147, 578, 2019-10-07T14:15:56.000Z
52.514614, 13.410219, 577, 2019-10-07T14:15:57.000Z
52.514587, 13.410286, 607, 2019-10-07T14:15:58.000Z
52.514560, 13.410344, 604, 2019-10-07T14:15:59.000Z
52.514545, 13.410380, 567, 2019-10-07T14:16:00.000Z
52.514549, 13.410425, 623, 2019-10-07T14:16:01.000Z
52.514511, 13.410525, 580, 2019-10-07T14:16:02.000Z
52.514408, 13.410709, 562, 2019-10-07T14:16:03.000Z
52.514328, 13.410853, 570, 2019-10-07T14:16:04.000Z
52.514282, 13.410939, 614, 2019-10-07T14:16:05.000Z
52.514259, 13.411004, 569, 2019-10-07T14:16:06.000Z
52.514251, 13.411048, 567, 2019-10-07T14:16:07.000Z
52.514240, 13.411096, 568, 2019-10-07T14:16:08.000Z
52.514240, 13.411128, 590, 2019-10-07T14:16:09.000Z
52.514240, 13.411151, 589, 2019-10-07T14:16:10.000Z
52.514236, 13.411172, 570, 2019-10-07T14:16:11.000Z
52.514240, 13.411197, 585, 2019-10-07T14:16:12.000Z
52.514247, 13.411211, 600, 2019-10-07T14:16:13.000Z
52.514255, 13.411213, 579, 2019-10-07T14:16:14.000Z
52.514259, 13.411216, 568, 2019-10-07T14:16:15.000Z
52.514266, 13.411217, 590, 2019-10-07T14:16:16.000Z
52.514274, 13.411219, 577, 2019-10-07T14:16:17.000Z
52.514278, 13.411223, 617, 2019-10-07T14:16:18.000Z
52.514293, 13.411224, 595, 2019-10-07T14:16:19.000Z
52.514339, 13.411209, 580, 2019-10-07T14:16:20.000Z
52.514350, 13.411206, 642, 2019-10-07T14:16:21.000Z
52.514362, 13.411200, 585, 2019-10-07T14:16:22.000Z
52.514377, 13.411192, 589, 2019-10-07T14:16:23.000Z
52.514392, 13.411185, 591, 2019-10-07T14:16:24.000Z
52.514408, 13.411184, 619, 2019-10-07T14:16:25.000Z
52.514415, 13.411185, 597, 2019-10-07T14:16:26.000Z
52.514430, 13.411182, 595, 2019-10-07T14:16:27.000Z
52.514438, 13.411183, 588, 2019-10-07T14:16:28.000Z
52.514442, 13.411183, 586, 2019-10-07T14:16:29.000Z
52.514446, 13.411188, 580, 2019-10-07T14:16:30.000Z
52.514446, 13.411189, 629, 2019-10-07T14:16:31.000Z
52.514442, 13.411190, 587, 2019-10-07T14:16:32.000Z
52.514446, 13.411191, 590, 2019-10-07T14:16:33.000Z
52.514446, 13.411192, 598, 2019-10-07T14:16:34.000Z
52.514453, 13.411194, 596, 2019-10-07T14:16:35.000Z
52.514457, 13.411193, 638, 2019-10-07T14:16:36.000Z
52.514469, 13.411189, 590, 2019-10-07T14:16:37.000Z
52.514472, 13.411190, 588, 2019-10-07T14:16:38.000Z
52.514476, 13.411190, 601, 2019-10-07T14:16:39.000Z
52.514484, 13.411189, 593, 2019-10-07T14:16:40.000Z
52.514488, 13.411186, 644, 2019-10-07T14:16:41.000Z
52.514495, 13.411184, 604, 2019-10-07T14:16:42.000Z
52.514503, 13.411183, 581, 2019-10-07T14:16:43.000Z
52.514511, 13.411179, 577, 2019-10-07T14:16:44.000Z
52.514518, 13.411178, 571, 2019-10-07T14:16:45.000Z
52.514526, 13.411177, 573, 2019-10-07T14:16:46.000Z
52.514537, 13.411176, 571, 2019-10-07T14:16:47.000Z
52.514545, 13.411176, 570, 2019-10-07T14:16:48.000Z
52.514549, 13.411177, 633, 2019-10-07T14:16:49.000Z
52.514556, 13.411175, 578, 2019-10-07T14:16:50.000Z
52.514564, 13.411175, 573, 2019-10-07T14:16:51.000Z
52.514572, 13.411173, 576, 2019-10-07T14:16:52.000Z
52.514583, 13.411170, 567, 2019-10-07T14:16:53.000Z
52.514591, 13.411170, 584, 2019-10-07T14:16:54.000Z
52.514598, 13.411168, 573, 2019-10-07T14:16:55.000Z
52.514606, 13.411166, 582, 2019-10-07T14:16:56.000Z
52.514614, 13.411167, 569, 2019-10-07T14:16:57.000Z
52.514621, 13.411168, 573, 2019-10-07T14:16:58.000Z
52.514625, 13.411168, 576, 2019-10-07T14:16:59.000Z
52.514633, 13.411168, 572, 2019-10-07T14:17:00.000Z
52.514640, 13.411166, 574, 2019-10-07T14:17:01.000Z
52.514648, 13.411165, 577, 2019-10-07T14:17:02.000Z
52.514656, 13.411164, 586, 2019-10-07T14:17:03.000Z
52.514659, 13.411164, 582, 2019-10-07T14:17:04.000Z
52.514667, 13.411163, 588, 2019-10-07T14:17:05.000Z
52.514671, 13.411163, 632, 2019-10-07T14:17:06.000Z
52.514678, 13.411163, 631, 2019-10-07T14:17:07.000Z
52.514682, 13.411163, 583, 2019-10-07T14:17:08.000Z
52.514686, 13.411163, 577, 2019-10-07T14:17:09.000Z
52.514694, 13.411162, 582, 2019-10-07T14:17:10.000Z
52.514694, 13.411162, 568, 2019-10-07T14:17:11.000Z
52.514701, 13.411162, 575, 2019-10-07T14:17:12.000Z
52.514705, 13.411161, 574, 2019-10-07T14:17:13.000Z
52.514709, 13.411159, 581, 2019-10-07T14:17:14.000Z
52.514713, 13.411158, 571, 2019-10-07T14:17:15.000Z
52.514717, 13.411157, 584, 2019-10-07T14:17:16.000Z
52.514720, 13.411155, 579, 2019-10-07T14:17:17.000Z
52.514724, 13.411154, 580, 2019-10-07T14:17:18.000Z
52.514728, 13.411154, 575, 2019-10-07T14:17:19.000Z
52.514728, 13.411152, 575, 2019-10-07T14:17:20.000Z
52.514732, 13.411151, 588, 2019-10-07T14:17:21.000Z
52.514736, 13.411151, 574, 2019-10-07T14:17:22.000Z
52.514736, 13.411150, 575, 2019-10-07T14:17:23.000Z
52.514743, 13.411149, 577, 2019-10-07T14:17:24.000Z
52.514743, 13.411149, 588, 2019-10-07T14:17:25.000Z
52.514743, 13.411149, 573, 2019-10-07T14:17:26.000Z
52.514747, 13.411149, 607, 2019-10-07T14:17:27.000Z
52.514751, 13.411149, 604, 2019-10-07T14:17:28.000Z
52.514751, 13.411150, 591, 2019-10-07T14:17:29.000Z
52.514755, 13.411150, 602, 2019-10-07T14:17:30.000Z
52.514759, 13.411150, 586, 2019-10-07T14:17:31.000Z
52.514759, 13.411150, 594, 2019-10-07T14:17:32.000Z
52.514762, 13.411150, 646, 2019-10-07T14:17:33.000Z
52.514766, 13.411149, 610, 2019-10-07T14:17:34.000Z
52.514774, 13.411148, 606, 2019-10-07T14:17:35.000Z
52.514778, 13.411148, 620, 2019-10-07T14:17:36.000Z
52.514785, 13.411147, 595, 2019-10-07T14:17:37.000Z
52.514789, 13.411145, 604, 2019-10-07T14:17:38.000Z
52.514793, 13.411143, 602, 2019-10-07T14:17:39.000Z
52.514801, 13.411141, 587, 2019-10-07T14:17:40.000Z
52.514804, 13.411138, 584, 2019-10-07T14:17:41.000Z
52.514808, 13.411136, 590, 2019-10-07T14:17:42.000Z
52.514816, 13.411135, 590, 2019-10-07T14:17:43.000Z
52.514820, 13.411134, 558, 2019-10-07T14:17:44.000Z
52.514820, 13.411133, 568, 2019-10-07T14:17:45.000Z
52.514823, 13.411130, 569, 2019-10-07T14:17:46.000Z
52.514827, 13.411128, 568, 2019-10-07T14:17:47.000Z
52.514831, 13.411128, 611, 2019-10-07T14:17:48.000Z
52.514839, 13.411127, 567, 2019-10-07T14:17:49.000Z
52.514839, 13.411125, 586, 2019-10-07T14:17:50.000Z
52.514846, 13.411116, 600, 2019-10-07T14:17:51.000Z
52.514854, 13.411100, 625, 2019-10-07T14:17:52.000Z
52.514865, 13.411072, 612, 2019-10-07T14:17:53.000Z
52.514873, 13.411044, 628, 2019-10-07T14:17:54.000Z
52.514873, 13.411029, 628, 2019-10-07T14:17:55.000Z
52.514873, 13.411008, 703, 2019-10-07T14:17:56.000Z
52.514877, 13.410995, 597, 2019-10-07T14:17:57.000Z
52.514873, 13.410977, 596, 2019-10-07T14:17:58.000Z
52.514865, 13.410962, 592, 2019-10-07T14:17:59.000Z
52.514854, 13.410943, 578, 2019-10-07T14:18:00.000Z
52.514850, 13.410923, 583, 2019-10-07T14:18:01.000Z
52.514846, 13.410904, 582, 2019-10-07T14:18:02.000Z
52.514846, 13.410884, 614, 2019-10-07T14:18:03.000Z
52.514846, 13.410869, 589, 2019-10-07T14:18:04.000Z
52.514858, 13.410859, 600, 2019-10-07T14:18:05.000Z
52.514850, 13.410842, 608, 2019-10-07T14:18:06.000Z
52.514846, 13.410825, 623, 2019-10-07T14:18:07.000Z
52.514846, 13.410812, 622, 2019-10-07T14:18:08.000Z
52.514846, 13.410795, 609, 2019-10-07T14:18:09.000Z
52.514846, 13.410778, 620, 2019-10-07T14:18:10.000Z
52.514846, 13.410761, 622, 2019-10-07T14:18:11.000Z
52.514835, 13.410743, 616, 2019-10-07T14:18:12.000Z
52.514831, 13.410730, 615, 2019-10-07T14:18:13.000Z
52.514831, 13.410717, 626, 2019-10-07T14:18:14.000Z
52.514831, 13.410701, 637, 2019-10-07T14:18:15.000Z
52.514839, 13.410683, 638, 2019-10-07T14:18:16.000Z
52.514839, 13.410661, 638, 2019-10-07T14:18:17.000Z
52.514827, 13.410632, 654, 2019-10-07T14:18:18.000Z
52.514831, 13.410613, 629, 2019-10-07T14:18:19.000Z
52.514839, 13.410595, 580, 2019-10-07T14:18:20.000Z
52.514846, 13.410569, 566, 2019-10-07T14:18:21.000Z
52.514808, 13.410536, 590, 2019-10-07T14:18:22.000Z
52.514816, 13.410527, 617, 2019-10-07T14:18:23.000Z
52.514831, 13.410514, 584, 2019-10-07T14:18:24.000Z
52.514846, 13.410506, 606, 2019-10-07T14:18:25.000Z
52.514865, 13.410492, 618, 2019-10-07T14:18:26.000Z
52.514877, 13.410476, 585, 2019-10-07T14:18:27.000Z
52.514892, 13.410476, 583, 2019-10-07T14:18:28.000Z
52.514900, 13.410468, 599, 2019-10-07T14:18:29.000Z
52.514896, 13.410465, 622, 2019-10-07T14:18:30.000Z
52.514907, 13.410453, 584, 2019-10-07T14:18:31.000Z
52.514919, 13.410449, 570, 2019-10-07T14:18:32.000Z
52.514923, 13.410449, 572, 2019-10-07T14:18:33.000Z
52.514934, 13.410450, 561, 2019-10-07T14:18:34.000Z
52.514953, 13.410434, 555, 2019-10-07T14:18:35.000Z
52.514957, 13.410431, 575, 2019-10-07T14:18:36.000Z
52.514953, 13.410425, 576, 2019-10-07T14:18:37.000Z
52.514957, 13.410405, 577, 2019-10-07T14:18:38.000Z
52.514953, 13.410391, 532, 2019-10-07T14:18:39.000Z
52.514949, 13.410384, 541, 2019-10-07T14:18:40.000Z
52.514942, 13.410368, 552, 2019-10-07T14:18:41.000Z
52.514926, 13.410352, 522, 2019-10-07T14:18:42.000Z
52.514919, 13.410338, 573, 2019-10-07T14:18:43.000Z
52.514930, 13.410328, 575, 2019-10-07T14:18:44.000Z
52.514930, 13.410307, 529, 2019-10-07T14:18:45.000Z
52.514934, 13.410301, 581, 2019-10-07T14:18:46.000Z
52.514953, 13.410280, 618, 2019-10-07T14:18:47.000Z
52.514961, 13.410265, 578, 2019-10-07T14:18:48.000Z
52.514984, 13.410260, 593, 2019-10-07T14:18:49.000Z
52.514991, 13.410253, 545, 2019-10-07T14:18:50.000Z
52.515014, 13.410246, 508, 2019-10-07T14:18:51.000Z
52.515022, 13.410230, 475, 2019-10-07T14:18:52.000Z
52.515029, 13.410212, 504, 2019-10-07T14:18:53.000Z
52.515033, 13.410210, 441, 2019-10-07T14:18:54.000Z
52.515037, 13.410202, 441, 2019-10-07T14:18:55.000Z
52.515045, 13.410189, 511, 2019-10-07T14:18:56.000Z
52.515068, 13.410183, 407, 2019-10-07T14:18:57.000Z
52.515068, 13.410183, 447, 2019-10-07T14:18:57.000Z
52.515068, 13.410183, 415, 2019-10-07T14:18:57.000Z
52.515068, 13.410183, 466, 2019-10-07T14:18:57.000Z
52.515068, 13.410183, 410, 2019-10-07T14:18:57.000Z
52.514919, 13.409890, 452, 2019-10-07T14:19:02.000Z
52.514839, 13.409758, 411, 2019-10-07T14:19:03.000Z
52.514778, 13.409649, 422, 2019-10-07T14:19:04.000Z
52.514701, 13.409490, 410, 2019-10-07T14:19:05.000Z
52.514694, 13.409457, 436, 2019-10-07T14:19:06.000Z
52.514705, 13.409454, 403, 2019-10-07T14:19:07.000Z
52.514694, 13.409444, 402, 2019-10-07T14:19:08.000Z
52.514694, 13.409444, 417, 2019-10-07T14:19:08.000Z
52.514656, 13.409482, 457, 2019-10-07T14:19:10.000Z
52.514648, 13.409583, 520, 2019-10-07T14:19:11.000Z
52.514656, 13.409631, 444, 2019-10-07T14:19:12.000Z
52.514663, 13.409671, 461, 2019-10-07T14:19:13.000Z
52.514656, 13.409761, 469, 2019-10-07T14:19:14.000Z
52.514636, 13.409797, 477, 2019-10-07T14:19:15.000Z
52.514644, 13.409812, 470, 2019-10-07T14:19:16.000Z
52.514648, 13.409813, 500, 2019-10-07T14:19:17.000Z
52.514640, 13.409849, 465, 2019-10-07T14:19:18.000Z
52.514614, 13.409889, 480, 2019-10-07T14:19:19.000Z
52.514598, 13.409899, 467, 2019-10-07T14:19:20.000Z
52.514606, 13.409926, 468, 2019-10-07T14:19:21.000Z
52.514598, 13.409939, 463, 2019-10-07T14:19:22.000Z
52.514495, 13.409936, 463, 2019-10-07T14:19:23.000Z
52.514480, 13.409965, 462, 2019-10-07T14:19:24.000Z
52.514385, 13.409955, 458, 2019-10-07T14:19:25.000Z
52.514335, 13.410015, 510, 2019-10-07T14:19:26.000Z
52.514236, 13.410048, 475, 2019-10-07T14:19:27.000Z
52.514152, 13.410088, 532, 2019-10-07T14:19:28.000Z
52.514064, 13.410161, 520, 2019-10-07T14:19:29.000Z
52.513977, 13.410225, 484, 2019-10-07T14:19:30.000Z
52.513889, 13.410263, 525, 2019-10-07T14:19:31.000Z
52.513820, 13.410307, 491, 2019-10-07T14:19:32.000Z
52.513759, 13.410384, 481, 2019-10-07T14:19:33.000Z
52.513706, 13.410443, 432, 2019-10-07T14:19:34.000Z
52.513679, 13.410497, 473, 2019-10-07T14:19:35.000Z
52.513645, 13.410578, 458, 2019-10-07T14:19:36.000Z
52.513587, 13.410647, 461, 2019-10-07T14:19:37.000Z
52.513675, 13.410361, 494, 2019-10-07T14:19:38.000Z
52.513725, 13.410174, 481, 2019-10-07T14:19:39.000Z
